1.665098034470454680e-01 7.899487041652002439e-01 7.179331459886761913e-01 1.398330763365941420e-01 1.284562170030526751e+00 2.377645733039628340e+00 1.000000000000000000e+00
9.410555540926190954e-02 1.734256640030203966e-01 5.513374282129035464e-02 -7.291366147277468235e-01 2.704181412274709873e-01 1.575944312441968753e+00 1.000000000000000000e+00
6.371341488733570646e-01 6.596237852754648356e-01 4.097607067409572146e-01 5.971988154369205493e-01 -7.988404817496711496e-01 -5.236669288870828831e-01 1.000000000000000000e+00
9.006606036586856101e-01 9.752891027791275036e-01 3.007175790702486529e-01 1.318251131840998180e+00 2.123269350693703039e+00 1.528626167349688370e+00 1.000000000000000000e+00
6.836139103986991206e-01 5.625753817722645156e-02 6.594935492850075853e-01 1.827002509852539758e+00 -9.504995425707488677e-01 -1.645833227377418995e-01 1.000000000000000000e+00
3.711724224549867168e-01 4.595908818082422576e-01 5.114598935988675654e-01 -1.338718667376589178e+00 6.292951866146055950e-01 7.293426828337549184e-01 1.000000000000000000e+00
1.689559393494199924e-01 2.711201484262848460e-03 3.488461916695091425e-01 1.835325252445137778e+00 -3.227351467046591371e-01 6.358254913482741522e-03 1.000000000000000000e+00
5.456779905084180315e-01 7.268974308930986616e-02 2.138483022453717686e-01 -8.655183739582693603e-01 -7.645881055960107586e-01 -3.406700698730692478e-01 1.000000000000000000e+00
6.511022258335394941e-01 9.202812154800186217e-01 4.898027224234373644e-01 1.440374019472813405e+00 -2.482741679995348338e-02 -7.283186627247437706e-01 2.000000000000000000e+00
1.257200871895541860e-01 5.096175281152075520e-01 4.866295489276435404e-01 -2.973900367520300181e-01 1.855982737860618847e+00 -5.175011920644505548e-01 1.000000000000000000e+00
6.247470850241848561e-01 5.946863418661268996e-01 9.107041426263129402e-01 -6.848235500392085839e-02 9.057623888211663310e-01 -6.457869869626560178e-01 4.000000000000000000e+00
3.494962591987160749e-02 2.865079410313303709e-01 5.038010288898884248e-01 8.504177683293171475e-01 -1.100757651172798113e+00 -1.369063032063004837e-01 1.000000000000000000e+00
3.814091705679737432e-01 7.911566428931272599e-01 1.907908243537569382e-01 1.298785043182586474e+00 -6.771712467075324815e-01 1.414479731445867916e-01 1.000000000000000000e+00
6.918783457974108098e-01 2.455374538229093684e-01 9.659021570965907744e-01 4.025894586006517617e-02 -1.038223468822095041e+00 2.911995612611795181e-03 2.000000000000000000e+00
5.560258068767076622e-02 7.211823533245306228e-01 7.560175903520509610e-01 1.308888845625193920e+00 4.592595189297534741e-01 1.922495179910272300e+00 1.000000000000000000e+00
8.530073055075216848e-01 4.540266792495005754e-01 3.733141479397241724e-01 6.410264640147212978e-01 2.164057402236688521e+00 1.976467084982616862e-01 1.000000000000000000e+00
4.584603892964236316e-01 8.059334072784757330e-01 4.905004549937991287e-01 1.152960698271214834e+00 1.687099914450295168e+00 -8.290505699660296601e-01 3.000000000000000000e+00
2.788596817166189012e-01 7.555916813831033974e-01 7.127704106413227381e-01 8.788957197016269429e-01 6.673573619189491213e-01 2.335167235708467182e+00 2.000000000000000000e+00
3.579801745107380473e-01 5.231642846455810680e-01 2.619533557029853910e-01 1.783546910640772865e+00 6.232379085342316660e-01 1.240597698986770858e+00 1.000000000000000000e+00
3.207459957488854041e-01 1.378105730781830074e-01 7.580400488863734410e-01 -7.402278401249786643e-01 -1.027646158224206019e+00 3.967723870404615827e-02 2.000000000000000000e+00
3.241306558966571272e-01 6.907335356165380524e-01 4.116125745679092285e-01 -6.676308666616931342e-01 1.893227000225410128e+00 -3.436480095656028189e-01 8.000000000000000000e+00
4.629096856891807832e-01 4.168344355114796951e-01 9.257924287359976523e-01 -8.469870748780485847e-01 3.693990349570805964e-01 2.058011647540254785e+00 1.200000000000000000e+01
7.521236889963180960e-01 8.909939860045861248e-01 9.037421970735265431e-01 8.439947489990032858e-01 -8.273386421766453225e-01 1.100954486908019225e+00 5.000000000000000000e+00
2.505035878816832540e-01 9.285744019139229311e-01 7.829267435469591252e-01 -1.011287585075208773e+00 5.485681059395053349e-02 -1.988120762573308831e-02 1.100000000000000000e+01
6.968293814081853998e-01 7.630384201393588528e-01 4.277539934386657139e-01 -8.732574522528646632e-01 5.836967833449233645e-01 1.136741942614186263e+00 1.100000000000000000e+01
9.001200136700108212e-01 1.434719112235677274e-01 9.130600205430690064e-01 4.573382182484624359e-01 -2.757546147566208861e-03 2.581161104842283116e+00 2.000000000000000000e+00
1.862607420963827698e-01 2.321204153783422708e-01 9.045978964242713527e-01 -9.276034826986182535e-01 5.032157390763019045e-01 2.202986826672419518e+00 1.300000000000000000e+01
6.831583660227015242e-01 7.094143404521975338e-01 8.584246501226726611e-01 -9.590961747495611034e-01 1.223254098772625920e+00 6.610196702409885106e-01 1.300000000000000000e+01
4.649713237313741754e-01 7.086296076729029503e-01 6.103522001194884306e-01 1.514254832582470733e+00 1.888015494702377506e-02 -5.826481395776471617e-01 6.000000000000000000e+00
5.705944440105414905e-01 8.610703822090669535e-01 9.541399139480618574e-01 1.159282021306646371e+00 1.770273341813152435e+00 2.305730426856618109e+00 1.200000000000000000e+01
4.406429784244680903e-02 9.245246071632431395e-01 3.139808812859611331e-01 5.570371896870336403e-01 1.138719909826854337e+00 -1.326439547917920070e+00 9.000000000000000000e+00
2.138263460782033887e-01 1.421541772812117133e-01 3.924113477529248550e-01 -3.834202874372953929e-01 1.550672407090017413e-02 2.013292861420640456e+00 1.200000000000000000e+01
9.278995356351228407e-01 9.800007273186918111e-01 5.478597913936135155e-01 -7.049307727260322176e-01 1.401568688570737020e+00 1.527071143901433392e-01 9.000000000000000000e+00
3.177852601784501019e-01 9.614634060290196960e-01 7.224324214489595830e-01 1.983123264116080975e+00 1.364483431158286075e+00 9.758573452150183236e-01 1.000000000000000000e+00
1.217208219582115447e-01 7.219196625856588723e-01 9.836566335750276391e-01 -1.301465639976894018e+00 -2.603516712598831218e-01 1.082060501740538916e+00 2.400000000000000000e+01
4.231385652818783205e-01 9.482618391795385460e-01 9.117774095814928925e-01 -3.655891641621802357e-01 -3.184237400765395076e-01 1.791218261549784030e+00 1.000000000000000000e+01
8.166942696318213457e-02 8.900457104907290029e-01 3.867485062835650522e-01 1.744958874393617743e+00 5.136699838295293308e-01 6.897493750064278561e-01 2.000000000000000000e+00
2.765561157771500023e-01 9.768610126651492420e-01 1.612986846762131110e-01 8.210866134037081432e-01 -6.560743498757276582e-01 3.536749797805404105e-01 2.000000000000000000e+01
8.092707507571136327e-01 4.173496884379187533e-01 3.187910359895015366e-01 1.558679312941221085e+00 -5.546777374046779618e-01 -9.033175886159233725e-01 5.000000000000000000e+00
8.379734780913594694e-01 5.902844565502940455e-03 7.557648898884327116e-01 2.350930624840722682e+00 1.366513798218312592e-01 1.588750779701909366e+00 1.100000000000000000e+01
3.316057750348097022e-01 1.309499960659261664e-01 3.556854884176601228e-01 9.493527674217072665e-03 6.342548753083859792e-01 -1.270022941354124413e+00 2.800000000000000000e+01
4.197761125965456808e-01 7.779564066930425570e-01 1.868669156954773092e-01 -6.371401387423470952e-01 1.366830120066767407e+00 -1.052550603687390840e+00 3.700000000000000000e+01
6.644118131201218747e-01 9.376074001326928364e-01 2.131395544359260263e-03 7.666169437022417599e-01 1.016489141534714369e+00 -1.725101009824436371e+00 9.000000000000000000e+00
3.024783738460626870e-01 9.239201931574174687e-01 4.368792620752501854e-01 9.026707376750139344e-01 7.022915103275606530e-01 2.046428842966910189e+00 4.000000000000000000e+00
3.810180378176545313e-01 9.253112261121445581e-01 8.908924116040238816e-01 -1.003981273982238687e+00 1.697850064730457298e+00 1.945012505888294996e-01 3.600000000000000000e+01
5.612034373628299599e-01 5.488324959699100170e-01 6.304670453503902205e-02 1.792297103432466177e+00 -6.487596897058123258e-01 2.870586287079910370e-01 1.400000000000000000e+01
9.397803271914254575e-01 1.257724982332882879e-01 8.518209857797892637e-01 1.213970776051963796e+00 1.271456612718137258e+00 2.121556197377358011e+00 3.500000000000000000e+01
2.249183290073304420e-01 1.338757800497601957e-01 5.868759649195776085e-01 2.986495109720895269e-01 -1.540999786470407251e+00 1.517259339189732104e-01 4.900000000000000000e+01
9.090045812097478084e-01 3.046596613888709060e-01 8.479942115934842040e-01 1.650362540747245532e+00 3.896278632641892448e-01 -7.150696964091516339e-01 2.000000000000000000e+01
3.501416388403693070e-01 5.152502279075132918e-02 4.753927032563172173e-01 1.560102612202323158e+00 -4.488752401738796971e-01 1.609233088745350981e+00 7.200000000000000000e+01
1.937532501362929649e-01 8.920596798478073186e-01 8.638921243263855132e-01 -1.339560840955867249e+00 1.952659781739685130e-01 4.596317684096925538e-01 3.300000000000000000e+01
6.084755279012454832e-02 2.062473681697836181e-01 4.121810807724300973e-01 -5.507951891028605163e-01 9.654424806696605410e-01 -1.019431973598732721e+00 4.000000000000000000e+01
9.416436072237521770e-03 2.976633243655335548e-02 9.023104414719959054e-01 -1.219443482642269469e-02 -4.307916163184346003e-01 2.571867073065425391e+00 3.700000000000000000e+01
2.286420493754658390e-01 6.406537746608146344e-01 2.279490491192348589e-02 -9.155075713199799514e-01 1.257928153390857506e+00 1.167300906130749105e+00 1.900000000000000000e+01
1.128976514521911056e-01 7.129922436667002206e-01 8.972491793097933099e-01 -1.559084146923179759e+00 8.928878195713515487e-01 1.312115962351523946e+00 4.400000000000000000e+01
6.618790384732132770e-01 9.837067244585702142e-01 4.419778148170597776e-01 -2.063978252846656591e-01 2.154765750147636272e+00 1.377240369512241047e+00 1.250000000000000000e+02
4.207124549487446519e-01 2.215200261067196141e-02 8.437632324161703501e-01 1.841849588342786559e-02 -1.607385079387827709e+00 4.162489415540203685e-01 8.000000000000000000e+00
7.528971608151751038e-01 7.244789048292997746e-01 1.531508597376134428e-01 -7.782379439386264419e-01 3.939490894119974107e-01 -5.860211987919067278e-01 1.590000000000000000e+02
9.202667617218169838e-01 5.091968635999172266e-01 4.948153878867388444e-01 2.476208261546075651e+00 1.171655627268561872e+00 8.692408618641994655e-01 4.200000000000000000e+01
6.040419013759301681e-02 6.112897436454939326e-01 9.745521347586006966e-01 1.260801667839292151e+00 1.791837313276984478e+00 5.679155262681967464e-01 6.000000000000000000e+00
9.777734404718219086e-02 5.439193298988905800e-01 1.550587440352058088e-02 -4.600418954792181436e-01 1.508852712506761451e+00 -1.310292474947963637e+00 2.060000000000000000e+02
9.356086579450715313e-01 8.688093495594184645e-03 6.040745366647320980e-01 2.129683919603554187e+00 1.055616641111089438e+00 1.295540288298849152e+00 4.800000000000000000e+01
8.497095283420688094e-01 6.868816723124232526e-01 3.120916763069787603e-01 2.212711067977651602e+00 2.296302282263573136e-01 -6.539041414025172916e-01 9.200000000000000000e+01
5.132792913899250076e-01 6.583440873949866212e-01 4.306916505203045586e-01 -3.890439082708803120e-01 -7.216217468481858077e-01 -9.988081359315814645e-02 3.200000000000000000e+01
3.901339722406133026e-01 5.898367411561644680e-02 9.458994234547900559e-01 4.833135619707365493e-01 4.132701224440006871e-01 2.638766422539061018e+00 2.690000000000000000e+02
4.503921611559325022e-01 8.276649088933687448e-01 8.547904494208291570e-02 6.323638213592289725e-01 2.545156617918216568e+00 -4.532058928432999845e-02 1.800000000000000000e+01
7.517026295454223295e-01 7.334000307815402575e-01 8.494795764256142245e-01 1.574599057168200034e+00 1.690392884753188829e+00 2.035652475649361026e+00 7.300000000000000000e+01
1.151293616462192304e-01 3.503041037684726522e-01 1.981190861234098932e-01 -5.548375019625789717e-01 1.929740697195263310e+00 -3.962962367448796819e-02 1.660000000000000000e+02
5.109844986578249149e-01 9.747379844431772744e-01 4.051925836624070687e-02 -7.426704851009697794e-01 1.223074568857803079e+00 -1.128530835743508653e+00 1.810000000000000000e+02
4.282351489168559899e-01 7.650469282819002403e-01 6.278372319649263567e-01 1.839882996902906798e-01 2.404391701993621400e+00 1.249533591404338173e-01 2.120000000000000000e+02
1.178589871155621971e-02 5.283423938584475010e-01 2.946228558019078347e-01 -1.019865670688786308e+00 1.794242940857741386e+00 8.718497128180188183e-01 2.520000000000000000e+02
8.971029265059825564e-01 6.561580672681933679e-01 8.970662023013475928e-02 2.438628938065993124e-01 -3.287514507071321868e-01 -1.176480846569517347e+00 7.380000000000000000e+02
3.891491339714827635e-01 3.230113873537309166e-01 7.868541545575153950e-01 2.025949677337437471e+00 6.383085447661422940e-01 1.257461935798504626e+00 3.350000000000000000e+02
2.987977633590068738e-01 9.952841271000960610e-01 5.580506357765578906e-01 7.483983338990438661e-01 5.511016860910573634e-01 -1.054574951912452097e+00 4.500000000000000000e+01
4.920437929865326687e-01 9.239579696206415838e-01 9.535919045430186758e-01 1.811803617567873559e+00 1.444458917100198914e+00 -4.004423061607997880e-02 2.900000000000000000e+01
6.683275007131281864e-01 1.278673796339667712e-01 9.661234020048714566e-02 2.259169729810844629e+00 6.886828158764575214e-01 4.899405092801428219e-01 3.780000000000000000e+02
9.421520075124177884e-01 6.936786442875372272e-01 3.119500271712886130e-01 7.164119005078408708e-01 1.233589661102715507e+00 1.942145566979676552e+00 1.730000000000000000e+02
2.167051128251761272e-01 3.727506270625852158e-01 2.549418957589892898e-01 -8.496991729055137776e-01 4.555699312630221431e-01 -1.107380702683454343e+00 1.094000000000000000e+03
8.973730402666931782e-01 3.253810989925433050e-01 2.186909703021511220e-02 1.375780149489672199e+00 -7.438736640186373039e-01 -1.253991745547382131e+00 9.600000000000000000e+01
7.995955275139132734e-01 6.089079288589427374e-01 6.352409910416870753e-01 2.497808948505862325e+00 3.107410584266505071e-01 4.704147366419896281e-01 9.590000000000000000e+02
4.893931827148371161e-01 7.656509668220700116e-01 9.252845676240590844e-01 -2.527818046727813295e-01 1.305092292607887838e+00 2.394358883011346251e+00 3.750000000000000000e+02
8.051776707811070244e-01 2.572527798696161438e-01 7.445993607784592294e-01 3.168390338698602871e-01 -1.229250615777473410e+00 1.487454010376439095e+00 3.600000000000000000e+01
8.568620063830673095e-01 6.950265994047898355e-01 9.038615942936577552e-01 2.254391886510131560e+00 2.664558697776756024e-01 -2.524408530307997722e-02 3.930000000000000000e+02
1.884329650707314840e-01 5.186206332778289241e-01 9.450208643937706432e-01 -1.006193385051084244e+00 4.058730565068484064e-01 2.194082859463231117e+00 3.610000000000000000e+02
7.975906672496377858e-01 9.568754926271313410e-01 3.860509344258561404e-01 2.094068834726990680e+00 1.795642731162438110e+00 -3.985597211316757038e-01 6.130000000000000000e+02
5.270551201851025880e-01 1.932595321875414385e-01 7.772225621995890732e-01 -3.920254010622177265e-01 -1.274749796888773323e+00 7.617433758946849931e-01 6.600000000000000000e+01
2.091085180517731068e-01 1.431016779911150616e-01 3.460585432899826452e-01 3.302028960105172772e-01 1.856682326058205046e+00 1.247499031587035456e-01 1.120000000000000000e+03
8.515238282256999414e-01 3.539012689883820340e-01 3.451508581352630278e-01 1.484304431113999900e+00 -8.464762888820193121e-02 1.896686733575967398e+00 2.594000000000000000e+03
7.161309421267203490e-02 7.820677020266746382e-01 8.788854610596377182e-01 -8.873560818065657774e-01 2.214196050943361804e+00 7.074605163341153302e-01 6.900000000000000000e+01
7.658276791802728356e-01 3.341179358149913847e-01 5.668817860905420725e-01 -3.683221849134074022e-01 -2.499586938412118320e-01 1.738444237036174123e+00 2.967000000000000000e+03
8.405407131264285292e-01 8.501670111446517630e-01 1.018660525907191250e-01 1.363023681056110714e+00 1.949579820436624367e-01 -1.413954740381830444e+00 8.750000000000000000e+02
8.872115845287380509e-01 4.558950988425025663e-01 1.801898069517386958e-01 8.997043986774463376e-01 5.064113486783909934e-01 -1.551079102864747261e+00 4.340000000000000000e+02
4.815454189343368885e-01 1.177206057394468708e-01 3.839865285300831932e-01 -6.765152437725274748e-02 -4.276482490919872870e-01 -1.165515175127275205e+00 1.220000000000000000e+02
6.794853718001823140e-01 8.429017114036213565e-01 3.319071257448845680e-01 2.360529845239289770e+00 9.660213489849768242e-01 7.305686778936568704e-01 2.080000000000000000e+03
7.671176025242905094e-01 6.805565016120623811e-01 6.987506359143639267e-01 1.603453274144937435e+00 1.266666035723550632e+00 -7.001840510522775451e-01 1.089000000000000000e+03
1.866966335936919297e-01 1.586090998540801156e-02 2.782110684751856189e-01 8.318525649490136065e-01 -1.583567324572984436e+00 4.382209017182434052e-01 3.296000000000000000e+03
1.230845456259865855e-02 8.479775992078613100e-01 9.292987493601356785e-01 -1.268518640454167512e+00 1.960565169540955166e+00 5.805426010111571777e-01 2.060000000000000000e+02
8.189069271218994972e-01 2.286698552795249917e-01 2.522144952340973356e-01 2.536321573325666545e+00 1.279145986208292674e-01 4.530510239345058587e-01 4.090000000000000000e+03
5.042852469839641527e-01 3.742994022456569425e-02 7.945029687951618014e-01 1.732482822927307042e-01 -1.651231116638376850e+00 5.974284573977104440e-01 3.987000000000000000e+03
9.227579441177335973e-02 9.674469611488571985e-01 5.111912972924599341e-01 5.043669343386861237e-03 2.603568849659007256e+00 -5.049876163152744457e-02 4.860000000000000000e+02
3.166332999790418823e-01 2.518769159794170820e-01 1.194578285314245036e-01 1.291022333303894598e+00 4.962744766941599717e-01 -1.291511995402787827e+00 4.650000000000000000e+02
8.750980831673971228e-02 1.863062036798682763e-01 7.182293204582727020e-01 -1.314367371309862698e+00 1.533119962041568085e-01 -2.984573350630886912e-01 4.408000000000000000e+03
6.581404323700416059e-01 6.026850706373109157e-01 3.597728640697024360e-01 2.286594433384536273e+00 1.125554429819153990e+00 6.331685476652055833e-01 1.340000000000000000e+02
9.622629062893252039e-01 3.603040388014081552e-01 5.648023018529912953e-01 2.646341960750713262e+00 6.165022913298501273e-01 8.782352192784115275e-01 1.530000000000000000e+02
1.721959779562181048e-01 4.081353858589824579e-01 8.412369001746397013e-01 -7.268032061131349808e-01 4.275171476461147591e-01 2.321583080752906980e+00 1.780000000000000000e+03
9.468894518332159338e-01 1.099399412996325820e-01 7.344755345645128664e-01 2.409522097206566738e-01 7.175316748429475533e-01 2.194778549533784151e+00 4.255000000000000000e+03
8.159506471607133049e-01 6.635787549593985535e-02 9.723932253499443235e-01 1.742556721362371608e-01 -1.542238451689202705e+00 9.469882023268021420e-01 4.023000000000000000e+03
8.238985309089514875e-01 1.810908004002084182e-01 8.180279028820056642e-01 2.396810016837821244e+00 9.057122399481716268e-01 8.475783137162165026e-01 5.490000000000000000e+02
8.618380304096765476e-01 2.759829690763552223e-01 7.395179273957864785e-01 3.264656880410614637e-01 -5.735754411524728313e-01 2.150768069162372065e+00 7.730000000000000000e+03
5.622363326741229850e-01 1.533732591623252484e-01 7.524316585801955615e-01 2.227819980928818833e+00 4.760265095283025549e-01 4.035391383180857994e-01 6.118000000000000000e+03
3.280920328590705148e-01 4.130288398417317763e-01 7.646153308527320336e-01 -8.013223656603470912e-01 5.214758429711969789e-01 2.073302598281149933e+00 2.695000000000000000e+03
4.139108759674140492e-01 9.966723255360420142e-01 1.184486321481406090e-01 7.291038027433475177e-01 1.799968153248364011e+00 -1.383340045426169729e+00 7.691000000000000000e+03
6.809844967077792743e-01 7.913016884601672407e-01 8.139162405244031451e-01 3.656131220334566390e-01 1.902301411889053551e+00 2.104737882184073428e+00 1.347000000000000000e+03
1.679186901981455371e-02 9.039770087621316064e-01 5.647993184607443817e-01 -1.386972606474161207e+00 1.778621445285495151e+00 1.079038958122887859e+00 2.277000000000000000e+03
5.560367222391201514e-01 2.725260107617122340e-02 2.053354444138351109e-01 7.381088461436026149e-01 -4.893218219619055454e-01 -1.437832412854492814e+00 1.216000000000000000e+03
2.829817352735974900e-01 9.070278775323895593e-01 6.581032027744659896e-02 -1.755670034037088434e-01 2.124292823899343041e+00 -1.077867564707529979e+00 1.193900000000000000e+04
2.141550881572317211e-01 8.692000156359330765e-01 5.042887962101978427e-01 -9.403063814081816796e-01 1.823558164491815292e+00 -3.654348604769359632e-01 3.963000000000000000e+03
5.432202038037158287e-01 1.350204779374234443e-01 7.759151441420167883e-01 6.487944607475852887e-01 5.296317430363923773e-01 2.459107357089706625e+00 1.805000000000000000e+03
9.649072574968771132e-01 6.085783223176904899e-01 4.539683152500902930e-01 2.681319029732113002e+00 4.042028888675379128e-01 5.642466464596249676e-01 2.267000000000000000e+03
8.515000484709356332e-02 1.564164021331547749e-01 9.217016824119410590e-01 2.687728449495139782e-01 -1.085275271813715303e+00 -2.718159921298897164e-01 2.513500000000000000e+04
6.441471294418334992e-01 1.213004190643225400e-01 4.398005145120755799e-01 1.391875357600079077e+00 -1.215265263778772420e+00 -3.692079355436093113e-01 1.242100000000000000e+04
7.975046721991874143e-01 2.437991129477351526e-01 7.063096613825418091e-01 2.287170734971144981e+00 1.126092620921605114e+00 6.567800014538116571e-01 5.290000000000000000e+02
1.361424071575467742e-01 3.039147227850539368e-01 5.236267173249067319e-01 7.932081719763528493e-01 -5.459851329372525930e-01 1.882278554973640050e+00 4.700000000000000000e+02
6.636290812671339356e-01 9.145817685644429540e-01 7.195519100483391828e-01 -9.819818946945091387e-01 1.117388355003561706e+00 2.187186001622245524e-01 7.377000000000000000e+03
7.862309353362713082e-01 2.404894858045883987e-01 4.188732267938494180e-01 2.399698268680384494e+00 8.634769646187561154e-01 5.116620487079247548e-01 1.014500000000000000e+04
1.065126379280945113e-01 1.529361423333737147e-01 3.038306898195822781e-01 6.746211534777665220e-01 -1.431035425784095372e+00 -1.063970346889320795e-01 1.286700000000000000e+04
5.364613454782609647e-01 2.037752749058230339e-02 5.265905344746663053e-01 4.694552569451317936e-01 -4.064154299617702137e-01 -1.150716222075418127e+00 7.433000000000000000e+03
1.115610491481101585e-01 4.615480779600567018e-02 1.446315568668155027e-01 -4.269216531666566450e-01 -1.158836260390528228e+00 -9.769891031151864969e-01 2.762000000000000000e+03
7.049743861785443544e-01 1.236170179779538802e-02 8.982525727782196823e-01 1.248543124243013169e+00 8.137294207904059717e-02 2.541350401793231573e+00 7.260000000000000000e+02
9.633614891295317895e-01 8.160501145246388255e-01 2.722516729175583627e-02 9.093389756204743879e-01 1.175725584673739332e+00 -1.666207773278134852e+00 1.753000000000000000e+03
3.093135399650152051e-01 6.461680848989183046e-01 6.630226327661047359e-01 6.131781969732763571e-02 2.255047578373477801e+00 7.141051473102355551e-02 3.273100000000000000e+04
6.131772025995437803e-01 6.943117006275688619e-01 1.682447929927732844e-01 7.457965170349422079e-01 1.674978173917543334e+00 -1.253270379491744357e+00 2.110300000000000000e+04
1.455941360584104283e-01 7.184069199917901827e-01 7.029932876045252854e-02 -1.563726857014064553e+00 4.562554707648531771e-01 1.677588604130518246e-01 6.811000000000000000e+03
9.113080177476223787e-01 3.257987541422965316e-01 2.174101464044921883e-01 2.434826538109361227e+00 7.248107779559703756e-02 1.001451901010129930e+00 8.720000000000000000e+02
4.648180979104905575e-01 7.367631367345733873e-01 2.978023103386659987e-01 1.047343567843198597e-01 2.421868565546695162e+00 1.224187502068900812e-01 2.784800000000000000e+04
4.540376607342917481e-01 4.955331642406944903e-01 7.441278747975275110e-01 -1.223057881765726496e+00 6.666137591045536714e-01 1.141723110417367959e+00 7.886000000000000000e+03
1.204411826602981295e-01 3.963365802290119699e-02 3.486251537464415406e-01 -3.633165698421417233e-01 -1.623473616965991351e+00 3.558797228451819894e-01 1.217000000000000000e+03
8.025539935898423627e-01 8.613104054470579474e-01 6.255340250490570853e-04 5.280762649936578956e-01 1.939884602245592227e+00 -1.326529196405836331e+00 3.822000000000000000e+03
2.250472325405404872e-01 5.358093486726822618e-02 6.589794428102335733e-01 -1.207605124547820097e+00 -9.080620118569870947e-01 5.081481902640329062e-01 4.488400000000000000e+04
3.179709033144154651e-01 8.368421477834020461e-01 9.675866584503091117e-01 4.979387628176202840e-01 2.422087389401850199e+00 1.641833715152748230e+00 1.932000000000000000e+03
6.036021574213655816e-01 7.757627374675555298e-01 7.088801958066126563e-02 1.196741190328362681e+00 2.400109596516913690e+00 -2.751609181026225259e-02 4.788000000000000000e+03
6.958006878057135802e-01 2.429792740355510849e-01 2.569757307022498827e-01 1.022842052934159085e+00 -1.417972513088722408e+00 -1.094708634197392727e-01 2.737000000000000000e+03
5.365111280353311862e-01 9.829125113686620896e-02 7.542508192365992015e-01 3.444668459831111695e-01 2.258388288813968636e-01 2.470890155015244893e+00 4.073900000000000000e+04
9.032232358647112047e-01 6.584154423216687091e-01 2.152340211092350630e-01 1.768670277498141097e+00 -7.970630306194351755e-01 -1.488866085356343461e-01 4.233800000000000000e+04
3.446198300973631889e-01 6.705362983000565658e-01 9.431637940001177389e-01 1.983144562683160306e+00 6.256995593467600258e-01 3.834974938312800674e-01 7.536300000000000000e+04
4.502566638292793133e-02 1.911019663805266777e-01 9.879124752150095778e-01 4.084036445184223707e-01 1.109300465583523909e+00 2.410891027782659179e+00 9.119800000000000000e+04
1.046349783097255681e-03 8.893300958191904249e-01 7.626537408255441575e-01 -1.546861549008134773e+00 1.484349956972361717e+00 2.627212436892071845e-01 1.630200000000000000e+04
4.931183899070779031e-01 9.923787852182500702e-01 9.187805517876892480e-01 8.898426786183978310e-01 4.613208641208436100e-01 2.518964079757589847e+00 7.239000000000000000e+03
5.882984734303636776e-01 2.012172559820970541e-01 8.622075803730204768e-01 6.018095604977804491e-01 3.520965625770595686e-01 2.587621410550488221e+00 6.041000000000000000e+03
8.867201423028837626e-01 9.655101900218048261e-01 1.435888415126872486e-01 1.042876392453560008e+00 1.885281051421533682e+00 -1.315738670754137640e+00 1.598900000000000000e+04
2.801539744256331677e-01 4.508686378898570934e-01 2.990547361722114550e-01 1.472792695029859544e+00 -8.026064374062297224e-01 2.189727923460064729e-01 8.858300000000000000e+04
9.727457751308138389e-01 7.580621147180691688e-01 7.663380356500657520e-01 2.566891048539390763e+00 9.696371959617076097e-01 1.229588066833228188e-01 3.773700000000000000e+04
1.304554810883138405e-01 6.150747456549410241e-02 7.368125683653333757e-01 -9.851554653084733104e-01 -6.483211059041508184e-01 1.855542027451896114e+00 2.426800000000000000e+04
4.054677882323209914e-02 2.802816501043734476e-01 9.506033668991740182e-01 -1.579112211191819881e-01 6.786415660424161000e-01 2.624498166351246109e+00 4.453100000000000000e+04
7.940263610279478801e-01 3.107842068769015587e-01 8.154611808823047925e-01 -7.921310909044667614e-01 6.270828091590993081e-01 1.435186710349663386e+00 2.414300000000000000e+04
6.355354595318217781e-01 9.991467391120816277e-01 1.378078213095192961e-01 1.117421594857123779e+00 1.784400215573474391e+00 -1.328876442697748628e+00 7.298600000000000000e+04
2.667085316263927419e-01 6.285395498815291582e-01 8.434825618129895286e-01 4.086572049975553678e-02 1.113839992678438806e+00 2.490746506930328952e+00 1.350600000000000000e+04
1.388231431732386278e-01 9.102058050291176317e-01 9.842596496848228238e-01 -1.026668688103525184e+00 2.091327665877377173e-01 2.056698639090610126e+00 1.776950000000000000e+05
1.027002183395597790e-01 7.588429866320411943e-01 1.256201224424488005e-01 -1.117289815166368161e+00 8.473527059335395073e-02 -9.025837023526689373e-01 7.849100000000000000e+04
5.752314775910460920e-02 4.081366767224902103e-01 5.962345208923921502e-01 -1.610623144630459969e+00 5.814987794102611796e-01 1.028939418644455595e+00 1.245500000000000000e+04
9.779641488270189864e-01 2.907805981554637542e-01 5.463259467010379566e-01 2.683177354870473152e+00 -8.860444827519520228e-03 4.966956404852362894e-01 7.609000000000000000e+04
5.327244869559923934e-01 1.342498795856363891e-01 2.992726343410974099e-01 7.758214723182844663e-01 -1.549996306871042284e+00 6.221017518535971735e-01 1.026220000000000000e+05
2.244627390280777846e-01 8.964487394630855643e-01 4.850651602330654510e-01 -9.009508988145431552e-01 1.911192447228289071e+00 -3.538265796885795567e-01 2.782920000000000000e+05
7.875376100923527911e-01 8.419350196891418614e-01 1.390748995548767297e-01 1.755080655361118680e-01 1.757734474497301580e+00 -1.197611748528120135e+00 1.443120000000000000e+05
3.028391266103004353e-01 8.515474857641314177e-01 5.902921352410143152e-01 4.197242192014647433e-01 2.575588206536412628e+00 4.718798544212066126e-01 5.079500000000000000e+04
3.737604910728060670e-01 6.905907736998787572e-01 1.508295883951876748e-01 4.313959942597627162e-01 9.284384817406197143e-01 -1.563844321289144190e+00 2.413680000000000000e+05
4.197405981763128180e-01 8.676862344596335541e-01 9.611378689586628221e-01 2.182626345637442289e-01 1.505303206792855786e+00 2.558902315543686523e+00 6.521000000000000000e+03
7.901890723292616103e-01 2.385557599186894917e-01 1.149295823911611336e-02 2.208837437385541058e+00 8.724111042720358311e-01 -7.537940590020271170e-01 2.661190000000000000e+05
7.932904638816140608e-01 1.095002221710519308e-01 1.948771957236851149e-01 3.209184273335031201e-01 -1.480658332001661082e+00 -3.033801992828883964e-01 2.116250000000000000e+05
9.453733546099735152e-01 9.632183810000473079e-01 4.922301712264717244e-01 2.181364608284478201e+00 1.793720016465147893e+00 -3.924124991947096630e-01 4.688700000000000000e+04
5.311799863415345158e-02 8.677658962647960550e-01 1.240896095362967744e-01 -8.217979945265831976e-01 1.535068958491564217e+00 -1.213530900195196160e+00 1.669000000000000000e+03
4.954078734548345020e-01 9.375252815585881638e-01 1.609530507449030701e-02 2.069091300879050133e-02 2.094846842779348517e+00 -1.181924148606630309e+00 1.469600000000000000e+04
9.199168983382289833e-01 4.605779986596570952e-01 5.520834694544024535e-01 2.062856935957924076e+00 3.963545014436713476e-01 1.851915540458668019e+00 4.498400000000000000e+04
6.508371127259249267e-02 1.810400528519517938e-01 4.614957514005655348e-01 -9.297387883037528944e-01 -1.236783213144154958e+00 4.717612634094851543e-01 3.326540000000000000e+05
6.002111740812110519e-01 1.050834420111570466e-01 2.414243548523342664e-02 4.191035341042081974e-01 7.119137020192192189e-01 -1.587985679237820413e+00 1.255162000000000000e+06
3.260719046163336188e-01 2.701718891157667279e-01 6.495866364479011557e-01 -3.879659052337570690e-01 6.411060133035184627e-02 2.214095745331803311e+00 4.948880000000000000e+05
8.442180055998684818e-01 7.140435673199749811e-01 7.942076335189447445e-01 1.991377005013352797e+00 5.132947313901181641e-01 2.076286466874156300e+00 4.003050000000000000e+05
3.702785496852359914e-01 7.545821114670755447e-01 3.834510293355415378e-01 1.540376740959450985e-01 2.138181780323610504e+00 -6.358094084645642408e-01 1.117990000000000000e+05
1.196279280568580683e-01 5.740646937813510542e-01 8.669827970180552512e-01 -1.507795047466691241e+00 6.490975198050339401e-01 2.788803112581523802e-01 5.522510000000000000e+05
8.818750998871591751e-01 8.389198946901217369e-01 1.039880183324352059e-01 2.130965981828641276e+00 1.933793567722356332e+00 -3.869535349624087517e-01 9.178700000000000000e+04
8.044315516971435320e-01 3.739452879891279613e-01 2.923044885758244726e-01 2.379805349730681030e+00 -2.957404217322278095e-01 5.563469977753694451e-01 6.053900000000000000e+04
1.926510688720491915e-01 2.304005019536903287e-01 5.907221379150422447e-01 2.501472372925851451e-01 -1.483592366843338173e+00 3.479822847184800283e-01 3.131400000000000000e+04
8.229563199489644543e-01 6.554730876089269742e-01 6.105053056395625122e-01 2.401526493511171090e+00 4.770905795965363350e-01 -7.963662757055112174e-02 8.792310000000000000e+05
6.912758794677498209e-02 8.757653698019353117e-01 6.657917017845890184e-01 -1.232302659243739607e+00 1.927102817164288773e+00 1.114087233182400327e+00 1.056330000000000000e+05
5.424737146752929284e-01 1.502335183264691398e-02 9.123419178228711068e-01 9.589080538534147102e-01 7.652074315354527867e-01 2.416936975542300914e+00 3.962000000000000000e+05
9.278882240843518980e-01 4.119853019810474359e-01 9.093312729090207158e-01 2.615033533991259596e+00 8.038266895396803946e-01 9.083162580079622295e-01 6.368600000000000000e+04
8.173372757106389663e-03 3.782417159052074984e-01 7.890548363689090516e-01 -1.712125766758020973e+00 2.105657718590094873e-01 6.774499602580144053e-01 1.345929000000000000e+06
8.704726290675441902e-01 2.734817033767064087e-01 2.369591088396302281e-01 2.577906012696685067e+00 1.291655241355470218e-01 4.896329715123989845e-01 2.317230000000000000e+05
6.510534284172375674e-02 8.396634288785447264e-01 7.385617901517673722e-01 -1.518880522918589993e+00 9.057303899366979660e-01 4.097743415739074635e-02 6.118110000000000000e+05
1.397127548101498862e-01 2.850436612771504175e-01 9.974619169515678285e-01 -5.954126719157556424e-01 5.405523748045000243e-01 2.544816402611739470e+00 1.263180000000000000e+05
1.585705831894244078e-01 1.498541000131434764e-01 4.583045248334666200e-01 -8.822543161421079194e-01 -8.096306384147533564e-01 1.456338875773080410e+00 1.454780000000000000e+05
2.001815396160644411e-01 3.140059997931142766e-01 1.607188785832361910e-01 -1.269938225856164227e+00 4.860051955221006414e-01 -7.388166414694523620e-01 3.692780000000000000e+05
4.702111873778690443e-01 8.228980482790767548e-01 1.357670260445056343e-01 2.030128923226356186e+00 1.440093193898048352e+00 -2.951933081043646157e-01 5.114400000000000000e+05
