5.859213001721308434e-02 1.559828097535848057e-01 3.244518980131009256e-01 -1.227824662408888656e+00 4.011118820908343707e-02 1.478447393448324654e+00 1.000000000000000000e+00
8.735293493635644113e-01 1.840167856703101013e-01 1.448255968233518320e-01 1.006582988706647752e+00 1.227033604988592375e+00 1.521202232659900178e+00 1.000000000000000000e+00
3.883100180455690831e-01 4.996127578660342072e-01 6.226891039611224254e-01 -9.429305622381226604e-01 -4.508833098086886260e-01 5.316672271449585097e-02 1.000000000000000000e+00
2.323120910090015201e-03 8.581548651463898336e-01 3.895548748514866544e-01 7.026210488065245396e-01 2.305745716860700067e+00 1.033032565387061563e+00 1.000000000000000000e+00
9.979443533060567972e-01 3.218389774270217218e-01 1.532310155306092492e-01 -2.685416150586328321e-01 -4.947103183523412495e-01 -7.007365128319041903e-01 2.000000000000000000e+00
4.924548797310481785e-01 6.030272064781058150e-01 1.093753783111355293e-01 1.172801403267145659e+00 -7.539055560871693595e-01 9.435588627972024689e-01 1.000000000000000000e+00
7.035523199316009446e-01 6.778174910717893464e-01 6.692640616681477805e-02 -5.732907279767738284e-01 1.377775268351375981e+00 -8.710133259236179093e-01 2.000000000000000000e+00
2.477111495570785138e-01 9.297302251731820455e-01 5.893318480802951509e-01 6.956068174863747067e-02 8.252149804679049794e-01 2.309023382758485177e+00 1.000000000000000000e+00
5.306675776194116345e-01 5.870787828557766375e-01 1.723333120586079126e-01 2.129838400926116648e+00 1.190796363503802802e+00 4.519361745279493192e-01 1.000000000000000000e+00
6.506682694049652493e-01 8.694122133994756085e-01 1.488241162503894932e-01 1.651443628748813230e+00 2.116222306699607980e+00 8.150922840140212289e-01 3.000000000000000000e+00
5.132159625471383047e-01 1.286706952016842820e-01 3.444890263967134159e-01 1.726420210557675361e+00 1.589424864795736525e-01 -8.913180262057608383e-01 3.000000000000000000e+00
7.271822962829258552e-01 5.224017891069604458e-01 4.707490987811291383e-02 1.376859841884351399e-01 -9.861369165045118512e-01 6.609194111152407736e-01 1.000000000000000000e+00
7.709876865498480614e-01 4.569630615086739400e-02 1.983535572372694400e-01 -2.753667710940398416e-01 -6.706145942143870720e-01 -9.814943325293237208e-01 2.000000000000000000e+00
7.797566108559035314e-01 2.457367062478731379e-01 8.066704555295275414e-01 1.356430772256447259e-01 1.802609954919940360e+00 1.208246654231124539e+00 5.000000000000000000e+00
3.124416398953674401e-01 7.710919307387210653e-01 9.990539397721900361e-01 -3.422868177001614498e-01 -5.087700034167660368e-01 3.298764995851732884e-02 1.000000000000000000e+00
5.228780686363476704e-02 5.073264388269517200e-01 3.030587673391889059e-01 6.178930842259599404e-02 1.430749034430359723e+00 -1.162274106583043531e+00 1.000000000000000000e+00
3.293337995799707763e-01 5.756423273954643927e-01 7.913173539085892605e-01 -8.881341733742085243e-01 1.699274196200792897e+00 2.861211957324935051e-01 1.000000000000000000e+00
9.461109455797034329e-01 7.135153174391041242e-01 9.808334583146852692e-01 1.427558835145367633e+00 1.272948155703046424e-01 -5.762643076658137131e-01 2.000000000000000000e+00
3.860759712943743205e-01 9.386052925698160632e-01 8.263795933257799264e-01 1.980580221009746289e+00 3.414103776842187798e-01 5.087092747966435180e-01 2.000000000000000000e+00
8.094715886426859797e-01 1.409969160004405087e-01 1.578574140793155278e-01 2.396265924079389542e+00 3.846956646236981969e-01 -4.922923047896913262e-01 1.000000000000000000e+00
7.075426791562168249e-01 7.900533099665513204e-01 3.091029347112360659e-01 1.962157273171242222e-01 7.849773677280136308e-02 -1.184963132964439225e+00 3.000000000000000000e+00
3.068654422627548062e-02 1.811399203285986026e-01 6.307977985817115885e-01 -7.942387083860480423e-01 1.704088368213769966e+00 6.195571274878299839e-01 3.000000000000000000e+00
7.932630861294809321e-01 8.856658260682093164e-01 9.361797366502481177e-01 4.271743754134020299e-01 -4.814360440282974274e-01 -6.232491164382580884e-02 2.000000000000000000e+00
3.503347927106070792e-01 8.169119656739740609e-01 8.606098482581177045e-01 -4.657084353252167741e-01 1.424092584167181652e+00 -5.413192321532551698e-01 1.000000000000000000e+00
7.364961294310855555e-01 7.958825659462658297e-01 7.072075800281030222e-01 8.563465333296778059e-01 -9.302646965959435743e-01 6.294161363894829053e-01 1.000000000000000000e+00
9.527164379271180206e-02 3.873746516393895556e-01 5.056495734799959507e-02 -1.488630804055469437e+00 3.807111814997586330e-01 7.514277355480104559e-01 3.000000000000000000e+00
5.931544682000725599e-01 4.840038109990755233e-01 7.025051096095702441e-02 -8.779336083590673079e-01 1.281316828367375482e+00 -3.771774981540143568e-01 5.000000000000000000e+00
2.579406127133392346e-01 4.349682698002629300e-01 2.620924674457120185e-01 -8.049974523910323754e-01 -2.597229403029351902e-01 1.440042717820289031e+00 2.000000000000000000e+00
2.221366894873337827e-01 9.229963042762434622e-01 8.720241775230470616e-01 1.259896680591472418e+00 9.853988579149511873e-01 2.257361725618422188e+00 1.000000000000000000e+00
9.871861814049620598e-01 2.077725165759507497e-01 5.565367607319536836e-01 1.708963717903803747e+00 1.773090405037484274e+00 7.262927499281773835e-01 5.000000000000000000e+00
2.369508890993788919e-01 8.068482986573600746e-01 9.493457593034353437e-01 -4.009963771556901424e-01 2.416522204445945565e+00 9.049250152641367118e-01 2.000000000000000000e+00
4.543822836616770999e-01 3.272926000638776145e-02 8.021149640848321827e-01 -1.109270744799108810e+00 -5.778393801603703972e-01 3.752717349827078830e-01 2.000000000000000000e+00
4.349251047393155600e-01 4.583884742290346148e-01 2.516988507570829814e-01 -4.201595240530675568e-01 1.597792948819334313e+00 1.236882955829122333e+00 3.000000000000000000e+00
7.257774355243816755e-01 2.458352068389090261e-01 9.405865772702457495e-01 2.109639566526951171e+00 1.216389445006054171e+00 1.318673965519071345e+00 1.000000000000000000e+00
5.262205135149520263e-01 2.412226924048718191e-01 8.796526116332954448e-01 -9.465290298146900039e-01 -6.642647915161722372e-01 9.850148396121471972e-01 1.000000000000000000e+00
3.831960131683513904e-01 4.378450740138929431e-01 3.489323302064568644e-01 1.884059453545225971e+00 3.018180927018154769e-01 1.202692011671455230e+00 3.000000000000000000e+00
2.076054029050052874e-01 6.930283012838762691e-01 4.604314390522258327e-01 1.421654508597386180e+00 -1.890607546012113005e-02 1.470002740237865702e+00 1.000000000000000000e+00
7.496352806373717259e-01 7.458545790351189808e-02 6.552359915653123146e-01 8.387507543586267822e-01 1.706776117664880132e+00 8.251260062411358565e-02 1.000000000000000000e+01
9.797524971096109869e-01 7.897013574425293392e-03 2.675125552036865528e-01 2.199821029327244215e+00 1.114532847739103882e+00 8.030402456501800623e-01 1.200000000000000000e+01
7.734599443245915307e-02 6.014327539512543952e-01 5.491182990991895219e-01 -1.130559288932695416e+00 1.920494165102656359e-01 1.721027045309500458e+00 9.000000000000000000e+00
1.557699797470947223e-01 8.282946192904805383e-02 5.078551199996514942e-01 1.229100065057084468e+00 -1.223081915904695727e+00 8.854236584305218427e-01 4.000000000000000000e+00
1.932620739977719548e-01 4.234050165943725741e-02 6.705556625537650861e-01 -8.003476136124521023e-01 -1.793299738560059642e-01 2.071841496697488072e+00 2.000000000000000000e+00
4.062184360309910591e-01 2.440433561859223222e-01 5.084471598242171764e-01 9.259552374997697122e-01 2.162990430231106209e-01 -1.143552813022673309e+00 5.000000000000000000e+00
4.320527486807864692e-01 3.509912345872566730e-01 8.870113112449190540e-01 1.676525813042621493e+00 1.490895069571825715e+00 4.972600584370083787e-01 3.000000000000000000e+00
4.187702596807871824e-01 1.733703106274889771e-01 2.221538215047859088e-01 8.094908372162277210e-01 -5.160713002853917208e-01 -1.317978541453743713e+00 3.000000000000000000e+00
1.152307754367732917e-01 2.335544914502694080e-01 9.645867519259497813e-01 -7.260207681202339725e-01 5.096137300086196475e-01 2.453239544644767900e+00 2.000000000000000000e+00
6.343426786303432152e-01 8.525460570361017565e-01 3.190497300498525979e-01 -3.509734566875691852e-01 -5.324847916486737942e-01 6.519786438943889761e-01 4.000000000000000000e+00
5.276865682541299618e-01 2.151335229515367597e-01 6.722345947713707082e-01 2.007898024567438711e+00 -6.106434995333598348e-01 1.028698272773509670e+00 2.000000000000000000e+00
4.559739544627777752e-01 1.117134551755794014e-02 3.894138569158456242e-01 -1.187328051594059630e+00 -3.071634037968793418e-01 -5.580687965028485742e-02 8.000000000000000000e+00
5.480426062897957307e-01 6.514597071127696815e-01 4.097608910121175452e-02 7.618208073911159062e-02 -9.992955277420476623e-01 2.697877999607058985e-01 1.000000000000000000e+00
4.880079901728557878e-01 8.205783448268206826e-01 9.100154992354643202e-01 3.143647477838507065e-02 1.653813393790837694e+00 2.358208098480581327e+00 7.000000000000000000e+00
9.045581337058997695e-01 3.118719907483092912e-01 8.750833284981776039e-01 3.613726164851029932e-01 -1.150643811215383394e+00 1.627411064852536171e+00 1.400000000000000000e+01
5.496887984651005477e-01 8.983592965351815396e-01 7.435286074415348168e-02 9.280824060977419521e-01 2.572881571416163915e+00 -1.554153455642340309e-01 4.000000000000000000e+00
2.426599196831573657e-01 5.453177731463212385e-01 8.444716409691671588e-01 4.586757312601356662e-01 2.755529316509031101e-01 2.541694107071266195e+00 2.000000000000000000e+00
3.402399399005567870e-01 8.588272137180238408e-01 9.205286973831511288e-01 1.215822551949110153e+00 1.949293086454901403e+00 -1.013515646213715149e-01 5.000000000000000000e+00
6.512284855212657764e-02 9.492445894776735393e-01 2.179126631632173350e-01 4.186609524511851199e-01 -3.867051460299055776e-01 -8.262372845400267618e-01 1.500000000000000000e+01
4.317585951957944035e-01 9.626307726352920646e-01 3.326032776020171333e-03 -2.149030949452059858e-01 2.336955156383420107e+00 8.358289737553977750e-01 6.000000000000000000e+00
3.733887310710859442e-01 4.713742220646680581e-01 5.590601073019619838e-01 5.795613894744436889e-01 2.156852317766027038e+00 9.006101385386926506e-01 1.000000000000000000e+00
7.298938320603904906e-01 9.126884427613335404e-03 9.758073912544218409e-01 2.257610804895209267e+00 5.929513867468744204e-01 4.055181651558702471e-01 1.000000000000000000e+01
5.751290629588037273e-01 3.325638603370276725e-01 1.296127501507970958e-01 -3.339882344421409854e-01 1.324320349361424398e+00 -9.612239956752699488e-01 7.000000000000000000e+00
4.232545547530991437e-01 9.998682733881748552e-01 4.236225550144423480e-02 1.393742287079811626e-01 2.656900093081777214e+00 -3.743600849213191140e-01 1.300000000000000000e+01
3.708519452565585128e-01 6.426838366676196346e-01 7.730529394631118212e-01 1.626131013952439641e+00 5.207502420589293912e-02 -2.639888583138867428e-01 1.000000000000000000e+01
4.985942444160280651e-01 3.978460439526005921e-01 1.262381051573737700e-01 5.304916042836264056e-01 -1.223154631135221937e+00 -4.831381085220746163e-01 2.000000000000000000e+01
4.634185362758741489e-01 1.139180736314562292e-01 9.498675383010316553e-01 8.706083904896523284e-01 3.153152406801899010e-01 2.621284782357735210e+00 1.000000000000000000e+00
2.641441623431339814e-01 2.249974438705425461e-01 1.904375837710901020e-01 1.018861142445082635e+00 -9.417462206851757722e-01 -8.435408981930601069e-01 1.100000000000000000e+01
9.167431084170897249e-01 7.880546321240444740e-01 6.952702757863215011e-01 9.667745888227382567e-01 2.311245467459491998e+00 -1.277646749408768434e-01 1.000000000000000000e+01
1.341131360227088010e-01 6.971612710549227598e-01 5.898796098310352676e-01 5.149926447881786329e-01 -9.429723359674014871e-01 1.838099718149504569e-01 4.000000000000000000e+00
4.625822395275893673e-01 2.709395542468073792e-01 4.845839339554657288e-01 2.149802968768397271e+00 3.763622759083340985e-01 1.075265635493280469e-01 1.000000000000000000e+01
8.835750120314731504e-01 8.570399028668503894e-01 2.430374872872711478e-01 7.603741457174048035e-01 1.651380556637804808e-02 -1.266378766201573303e+00 2.000000000000000000e+00
8.087927995516277502e-01 2.156752929383766171e-01 8.467290810836796133e-01 8.960927652955308353e-03 -8.580325905870899161e-01 1.945555890708530633e+00 4.400000000000000000e+01
8.558382619192335117e-01 9.036732032147165583e-04 7.019715767050324073e-01 -2.526528482377932150e-02 3.483517157889945981e-01 2.152122050835283851e+00 6.000000000000000000e+00
1.700594662882138897e-01 5.119479816073936318e-01 8.186370916776994910e-01 -8.568061421524234555e-01 -8.002016285650562777e-01 1.291723154383130456e+00 6.000000000000000000e+00
4.121268859787574623e-01 2.267990686238549047e-01 7.595178391904111592e-01 -5.441582139256718742e-01 -5.913083948463394579e-01 1.949567832222275143e+00 7.000000000000000000e+00
8.043400614761014866e-01 6.069008998909872776e-01 1.675838365074836522e-01 7.329920166258062642e-01 -1.083525430022633129e+00 5.382161065957852264e-01 1.500000000000000000e+01
3.174317316688146651e-02 7.303475387596587431e-01 4.739452130050916256e-01 1.809760746062103742e-01 2.133669465856127268e+00 -5.302545231322233210e-01 5.600000000000000000e+01
1.243752453494517685e-02 8.298130966989716306e-01 1.927749165169696521e-01 1.451585433739625675e+00 1.788608477635596827e+00 9.497556617971392168e-02 1.600000000000000000e+01
1.191123814525429925e-01 6.212233267733583419e-01 2.732478592906828485e-01 -1.158349724309751361e+00 7.237740103071040876e-01 -8.919018845826638398e-01 6.000000000000000000e+00
1.957574991915445040e-01 1.930128707253861986e-01 6.952884970975876655e-01 1.409128240924199194e+00 1.135891850391843594e+00 1.494482261343961227e+00 3.300000000000000000e+01
3.434213482025529895e-01 5.582084150923144472e-01 7.838133776034886813e-01 9.994586509205437563e-01 -8.899764722071868972e-01 9.651752453886131011e-02 8.000000000000000000e+00
2.948431227237092722e-01 8.753939473785082859e-01 2.371773969434562979e-01 4.137741268744500878e-01 1.010957594109008539e+00 -1.485459510224396151e+00 8.000000000000000000e+00
5.740968869729131674e-01 1.664995305881797893e-01 7.779842856244364446e-01 6.088198263780246755e-01 -8.825537431803316402e-01 -5.997970998916536400e-01 5.500000000000000000e+01
4.335483215603418428e-01 5.335090708428273931e-01 2.561997856735557244e-01 -4.503924492340788399e-01 8.157094286438990594e-01 -1.206336255518015044e+00 1.700000000000000000e+01
5.236557445970322355e-01 1.856099300177804778e-02 9.006363911579932102e-01 -1.936911826561452665e-01 -1.489461945349883187e+00 4.409841276308291147e-01 1.600000000000000000e+01
6.319243453124452348e-01 6.777039498843797638e-01 2.466634413647974533e-01 2.119099550023489265e+00 6.442315387838750684e-01 1.133900449265043964e+00 1.200000000000000000e+01
4.205824262624232590e-01 1.617267509300557293e-01 3.840223591860179031e-01 7.468435562648738646e-01 -1.345440326081045468e+00 -4.046480897489838080e-01 7.000000000000000000e+00
5.637999455572839658e-02 7.211258963683522261e-01 1.548117981441958779e-01 5.594903535877766565e-01 -9.250700991761395819e-01 3.469542215907692739e-01 1.500000000000000000e+01
5.826571052535397532e-01 9.913459323423670089e-01 9.765045782580040745e-01 1.588045115030888521e+00 2.397485831160823366e+00 1.085891665003938300e+00 7.000000000000000000e+00
7.717403552037556125e-01 4.915536732321003077e-01 8.046038048484478455e-01 1.977777866132637286e-01 -1.260760723021134844e-01 -7.083735470271004253e-01 6.000000000000000000e+01
3.039748062923361971e-01 4.789566973903974789e-01 8.720388105646339483e-01 -1.239775109509381856e+00 9.941590452799643485e-01 2.792464875785258815e-01 9.000000000000000000e+00
3.698370253290835796e-01 2.626850378263078101e-01 4.462031723259396454e-01 6.056187181031690292e-01 6.558090844203581238e-01 2.116490715637601383e+00 1.000000000000000000e+00
1.011193728901051969e-01 3.043522829784837125e-01 6.646300561468818646e-01 -1.070068770995517227e+00 1.230465454497931432e+00 1.542486949472861246e+00 2.700000000000000000e+01
3.854492249241794344e-01 3.018855838390209767e-01 5.531233385901025423e-01 5.282670205513333439e-01 2.027957719532259340e+00 5.364482183331827914e-01 5.100000000000000000e+01
8.408117472238484380e-01 5.764503559610864025e-01 5.357144225226612155e-01 1.863012316574917948e-01 -5.404268923908829292e-01 -6.150249906925094878e-01 1.000000000000000000e+01
7.639006028173890295e-01 2.158756679982507531e-01 7.613125079104654525e-02 1.312978620397439844e+00 -1.425757797052734421e+00 1.357374336503517631e-01 6.500000000000000000e+01
6.521301236404699608e-01 4.989503162981787643e-01 6.646730862817396002e-02 7.005660667430114730e-01 -1.039495875624708576e+00 8.607199598505250737e-01 1.700000000000000000e+01
6.746711369636544386e-01 7.368525904755058864e-01 5.614687411342936807e-01 -4.914762659973839209e-01 1.791460967327864751e+00 1.288036980214463112e+00 4.100000000000000000e+01
4.462423942202766725e-01 5.715965953399632093e-01 7.973427700431735543e-01 7.253337188278667913e-01 2.279046538355553153e+00 7.153505470897769669e-01 7.700000000000000000e+01
3.993644836363268169e-01 4.805075848959173834e-01 3.576569245234983985e-01 1.994258787926158405e+00 2.324225802933808094e-01 9.859609819950487797e-01 3.500000000000000000e+01
2.247680945561656429e-01 1.275363414969125087e-01 2.838795110675873534e-02 1.588560087548684274e+00 -6.426485532074085461e-01 7.679057857928383024e-01 2.300000000000000000e+01
5.961064353569905938e-01 6.781536042760756278e-01 2.420469047300882748e-01 -2.474732302465249001e-01 -8.263126001787490793e-01 8.407606111154319883e-02 1.800000000000000000e+01
7.459827999390101771e-01 2.802859975302192108e-01 2.640409936041411276e-01 -1.965902673096142639e-01 -9.843441638730974219e-01 9.797689920550480824e-01 1.380000000000000000e+02
1.047981212833341003e-01 7.100349766046987199e-02 1.107267664919253658e-02 6.132013669468333594e-01 1.546806324524744536e+00 -7.396151119941524188e-01 3.700000000000000000e+01
9.538073062363279231e-01 8.193871170311628482e-02 4.221833404964703274e-02 7.984649557296115141e-01 -1.451585319163048782e+00 8.322644092218719480e-01 1.900000000000000000e+01
9.803432477214079066e-01 6.377833234275677166e-01 3.675998993251466951e-01 2.527069485779555258e+00 9.692355360360178640e-01 -3.379334983673043524e-01 3.200000000000000000e+01
7.980621152830401632e-01 6.001355412811997248e-01 9.815597941455098674e-01 -1.789407338333550701e-01 1.300073275856965971e+00 2.228777738426055421e+00 7.900000000000000000e+01
2.126906383232658460e-01 4.129881022012755754e-01 3.350717504041739181e-01 -8.890896677637183387e-01 1.731979258424922952e+00 1.197986983919042125e-01 3.200000000000000000e+01
8.333152661423409713e-01 9.726511109028690427e-01 8.147045332586670963e-01 -4.833139187169795958e-01 1.379209687491603775e-01 5.991106524458167382e-02 1.500000000000000000e+01
7.854785761078393325e-01 4.535378925927336935e-01 5.914083918218361324e-01 1.465625223594265059e+00 3.926482005135542575e-01 2.183166219919904005e+00 7.000000000000000000e+01
6.763555050916844058e-01 9.695877103785595086e-01 3.882761829421323974e-01 2.200863600293383904e+00 1.426007363050308729e+00 1.072056972610491599e+00 7.700000000000000000e+01
2.733047379693548384e-01 1.450483179004266043e-01 4.922904647519987797e-01 -8.220921854272505991e-01 -1.125086373722379296e+00 6.001341776767027403e-02 5.000000000000000000e+01
3.857732122216630533e-01 3.689626324989144779e-01 3.098484474747820183e-02 3.284067778264287973e-02 1.411829196263958863e+00 1.368096641238458755e+00 2.300000000000000000e+01
9.238199562423019540e-01 6.035932536366190870e-01 7.880770705447069924e-01 1.977918579954786482e+00 1.048046720070990423e+00 2.088591279487430175e+00 7.100000000000000000e+01
4.726417325417492377e-01 4.982542022199274445e-01 8.762788328355132217e-01 -2.010620509731596561e-01 2.084027770865274132e+00 1.053607344540479884e+00 2.900000000000000000e+01
9.044856651265169578e-01 6.429207008083526187e-01 5.542248262628454158e-01 2.511059971575537730e+00 1.116744648394109474e+00 9.951441664511584406e-01 2.000000000000000000e+01
3.462315570298836187e-01 5.687591157277829268e-01 8.778640130658749152e-01 1.230982565037178622e+00 -8.790374811015013723e-01 5.298688003982040540e-01 8.000000000000000000e+00
6.278307815584636131e-01 8.498693596222656188e-01 8.562525550916363359e-01 -7.408341240471627565e-01 3.389971136596922063e-01 1.786717989413995733e+00 5.000000000000000000e+00
9.840037813484405760e-01 5.338497147895866490e-01 1.735770409675996273e-01 1.832094373858604630e+00 1.313765926778462934e+00 -1.119664254836350903e+00 2.000000000000000000e+01
1.043545639785552481e-01 5.510735034828262435e-02 7.474461530922928976e-01 -6.056279135954975579e-02 -1.659232931027332381e+00 5.634905455092085180e-01 1.170000000000000000e+02
1.057622124620598569e-01 6.548918028028338778e-02 9.599871189727616771e-01 -3.561516118292804012e-02 -1.583555656411591350e+00 4.494349034246226671e-01 9.100000000000000000e+01
1.013337580098301327e-01 5.455010077384272460e-01 9.330862292858501661e-01 -1.336387496685830234e+00 1.350063657129236816e+00 3.986364776706239343e-01 5.400000000000000000e+01
2.567481500711721321e-01 9.535038013382663991e-01 6.479544475457604813e-01 2.397490115840878733e-01 1.950711257485576944e+00 -7.681275835156137211e-01 2.570000000000000000e+02
6.865250357910618328e-01 2.209986463241686572e-01 4.719644613977156400e-01 -6.462564792088357768e-01 -7.067142392830977338e-01 -1.305654010595876935e-01 9.400000000000000000e+01
7.823823283567197251e-01 3.806640595225445622e-01 1.027451082779660130e-01 2.379427263685208738e-01 4.187017325056446304e-01 -1.541073207479880081e+00 6.400000000000000000e+01
2.333023604133535045e-01 4.489526482302921284e-01 3.621801272531155469e-02 1.004057900328243047e+00 -4.659145936947463040e-01 -1.216360857982230037e+00 2.600000000000000000e+01
7.947088079676223327e-01 2.801662130706084053e-02 6.433520559681816797e-01 2.954110365035520491e-01 -8.328408865525493976e-01 -7.742607566759315274e-01 2.670000000000000000e+02
3.060569522598690639e-01 1.561417825765520906e-02 3.913073088392710064e-01 1.635949815199514434e+00 -1.093792102051807547e+00 4.158568162093794762e-01 9.100000000000000000e+01
6.212846686510710148e-01 5.684295311580150889e-01 2.653745410746355393e-02 6.576597902594956135e-01 5.965366426981011383e-01 -1.704903229487803262e+00 2.600000000000000000e+01
8.042654578327907977e-01 5.693831955885614304e-01 2.603219420915759974e-01 9.522178196716299947e-01 2.026878876793795747e+00 -6.636999396268166151e-01 9.000000000000000000e+00
6.568475518890456444e-01 3.817280630418353748e-01 8.681591465458909918e-01 6.613737216597893598e-01 1.977772189324722873e+00 1.953867773562069088e-01 3.300000000000000000e+02
5.519311012030303498e-01 8.509691877272582694e-01 8.185344606096829345e-01 1.488941818531595018e+00 2.307474288192816303e+00 8.431069641293416073e-01 5.000000000000000000e+01
3.263106748932569356e-01 4.532376779189328797e-01 5.388827141890726313e-01 -1.155096873903240118e+00 -2.201267523418470873e-01 1.132188721598680115e+00 4.780000000000000000e+02
9.003081895088763664e-01 9.798529021649723392e-01 8.496112815091828585e-01 2.014008897940556153e+00 2.234272325911897727e+00 1.281007435137383688e+00 1.700000000000000000e+01
8.296481407471459901e-01 8.935791009205861224e-01 4.911503593655962563e-01 5.534171374913072761e-01 2.587088401074288058e+00 2.550938340730508624e-01 4.080000000000000000e+02
5.121801994775816436e-01 6.273945609739536300e-01 8.183225330946927167e-01 1.890192862794179307e+00 1.551334099536369582e+00 1.315732654443431127e+00 8.900000000000000000e+01
9.670019295685440275e-01 8.529283676038785789e-01 5.446161124663321251e-01 2.390602210360116775e+00 4.082350859787532427e-01 -3.360711906144107086e-01 9.000000000000000000e+00
5.190792749226069702e-03 6.224711394292725686e-02 6.284470291014986332e-01 -1.302715351416678047e+00 -9.518996761497524606e-01 1.176752540416469150e-01 1.100000000000000000e+02
4.167376533507571867e-02 9.201838050042855377e-01 7.265682209438665273e-01 -4.246309527910006598e-01 2.381085563061244414e+00 -7.861869099611706879e-02 2.400000000000000000e+01
8.120881773154364769e-02 6.332534073866868951e-02 5.110540252008821671e-02 1.015224623331409504e+00 -9.064054385633110722e-02 1.501591176759364377e+00 1.300000000000000000e+01
5.307044623213500456e-01 6.061731782362800303e-02 5.699187810694554823e-01 1.886240369092574198e+00 7.200495101837982581e-01 1.422955467931734885e+00 1.770000000000000000e+02
4.030595152789054891e-01 8.184442958499396070e-01 8.319747419282705891e-01 1.298399458658356376e-01 -2.580217931824264621e-01 2.161099200379434038e+00 7.800000000000000000e+01
7.224085351499225371e-01 8.388999357787595423e-01 7.230630374547275530e-02 7.697913973492657158e-01 2.570175152898373838e+00 9.330599320103739880e-02 1.400000000000000000e+01
7.001553919248186819e-01 8.098156003872890585e-01 4.111819685253473855e-01 1.401202862862517495e+00 1.509703864376647164e+00 -1.009623740015344939e+00 4.190000000000000000e+02
2.659329749842893609e-01 8.208211700091462282e-01 1.580578893025911258e-01 1.234267488557601489e+00 7.135199342326659089e-01 -1.274008699450730919e+00 9.200000000000000000e+01
1.060861276396242170e-01 4.499595774884420640e-01 5.316812336610873269e-01 -7.455142469856574916e-01 3.438373624179953403e-01 2.036179448152092064e+00 2.870000000000000000e+02
2.550879815338197298e-01 3.600536037016952573e-01 9.282977985328886295e-01 1.292971261205821509e+00 -8.166283434508854189e-01 1.661931149071493863e+00 1.630000000000000000e+02
7.184291659688765153e-01 9.238908738791477004e-01 1.405695371051683962e-01 3.324782847927810758e-01 2.284640282539440737e+00 -8.591319004000789183e-01 1.180000000000000000e+02
1.116029966762364101e-01 1.100664022964603639e-01 3.710429992418405876e-01 -3.942187043013384296e-02 8.601253392993748470e-01 1.924942314042371816e+00 1.700000000000000000e+01
2.341438521918012272e-01 3.513135587459629283e-01 9.790673503805458200e-02 4.738627288768509915e-01 7.381939264492048958e-01 1.769091476844495858e+00 2.860000000000000000e+02
4.859952885694679425e-01 1.875340004637260360e-01 7.569056483928874313e-01 -7.506639082806482177e-01 -1.157530111581518417e-01 1.931082389530053955e+00 4.610000000000000000e+02
9.819197174131529815e-01 2.114234829924054315e-01 3.887191239353823269e-01 2.139521140717503656e+00 -1.076953536381436205e+00 3.821160403287319207e-01 1.600000000000000000e+01
8.177694162842608083e-02 3.606325587457456239e-01 9.543805503770803611e-01 -1.311157884336020096e+00 9.134863942216142618e-01 1.822761346580576980e+00 7.400000000000000000e+01
6.210262022515977698e-01 7.705347794476115064e-01 3.505638187384220172e-01 -4.060369290763898853e-01 -6.229775025683600420e-01 2.934250041078421134e-01 6.200000000000000000e+01
9.458971284425563564e-01 4.000062887057254102e-02 1.724057947299928450e-02 1.263316768792885902e-01 -1.480620998544772249e+00 -1.093387902544786239e-01 5.380000000000000000e+02
5.421673504892110529e-02 5.557240513160777162e-02 1.052402989388216970e-01 -4.632374262052578739e-01 -5.382626277621985755e-01 1.647835885834086245e+00 3.780000000000000000e+02
4.542058961132587891e-01 5.102627816789329085e-02 8.353112243824614147e-01 1.261077907725500769e-01 -3.024848821674880339e-02 -8.634371518113050925e-01 5.200000000000000000e+01
9.224001279736874226e-01 3.063862436799970057e-01 9.927286877537211396e-01 8.091599974986087851e-01 4.383114047509395483e-02 2.701014814440656053e+00 2.080000000000000000e+02
4.872259951193216310e-01 4.773409208679394444e-01 8.731012934486779287e-01 -1.217607575820533805e+00 1.849507292557645011e-01 9.628257117831342526e-01 6.630000000000000000e+02
6.130411769190413640e-01 6.443627154345504815e-01 4.838420803180931706e-01 1.447783864681286392e+00 2.338746200518060370e-01 -9.772206044345186360e-01 2.000000000000000000e+01
7.816620872874779913e-02 7.497990885007996820e-01 3.495592746444211585e-01 -1.207498428407385749e+00 -4.069066201544691008e-01 2.541740326940754580e-01 8.800000000000000000e+01
9.575617050462401636e-01 1.983973865106076762e-01 5.619168143440493868e-01 2.501195387950992277e+00 1.398450965771599330e-01 -2.215158134839350090e-01 3.050000000000000000e+02
8.364780688161966848e-01 1.899236106013306724e-01 6.426219393591759976e-01 1.944284412122676553e+00 -3.400579086009700713e-01 1.864049258127651321e+00 3.510000000000000000e+02
3.570415411456666632e-01 3.124146362485193951e-01 3.905347602586100031e-01 1.866163258026878324e+00 -4.047847827472754734e-01 -6.572901983969858808e-02 6.520000000000000000e+02
9.657894591004148044e-01 5.555853879857646227e-01 3.195574559534464232e-01 2.264183068946190147e+00 -5.800506797310767126e-01 1.630175070193596032e-01 6.550000000000000000e+02
4.078339647015316594e-03 3.547625261300547672e-01 1.399931933829124953e-01 -4.179295167692206325e-01 -3.709655676952238190e-01 1.654994217460355355e+00 4.290000000000000000e+02
8.839869898682198857e-01 2.244416829274002989e-01 8.607061979654795358e-01 2.090566697734850710e+00 1.388333518965999325e+00 1.296046527555071437e+00 7.200000000000000000e+01
2.127907618531388323e-01 6.515131390359379937e-01 4.923100953930837909e-01 1.221926558642833838e+00 -7.471760232576595273e-01 6.514124867015151921e-01 3.630000000000000000e+02
1.100947636030265020e-01 9.371815569371503285e-01 6.343066688653586915e-03 -1.068496911266059612e+00 6.745730466193592401e-01 -1.235413122842106581e+00 2.980000000000000000e+02
1.856198571172320566e-01 1.690098083815884111e-01 7.406349454053053893e-01 -7.791600223506475187e-01 3.910832500920892740e-01 2.161860884748095568e+00 5.500000000000000000e+02
3.178605211747986825e-02 6.902961542429018049e-01 1.225629598740903825e-01 5.119530702764353292e-01 1.859430043224045814e+00 -1.061736657751518376e+00 4.500000000000000000e+01
5.290939238320668814e-02 7.953772863698056472e-01 3.464704470551051019e-01 -1.381775422773466655e+00 6.945102357577397356e-01 -6.186747851559261102e-01 3.860000000000000000e+02
9.502599009685325226e-01 2.607847919788134350e-01 1.068571126781512337e-01 2.083277879342443129e+00 1.563692904790945803e+00 2.436076528958212306e-01 1.023000000000000000e+03
8.473310367827556755e-01 9.313303687061070812e-01 5.227975685643427850e-01 -2.733253767992749328e-02 2.322784123791543642e+00 1.069441949278898019e+00 5.120000000000000000e+02
1.116332054012691977e-02 8.109274033465504461e-01 6.448644980230899826e-02 -4.125434754806815013e-02 2.371543430590933532e+00 8.139729430629641938e-01 5.180000000000000000e+02
7.553751005718345457e-01 1.228154301208169707e-01 3.504536386538470438e-02 4.911865368924695496e-01 -4.221843359496419978e-01 -1.587662144530437969e+00 5.980000000000000000e+02
9.116788716760069189e-01 3.999465072359642548e-01 7.149962706810950586e-01 1.936188018145435397e+00 -9.213522456257992044e-01 1.167268992041152753e+00 2.775000000000000000e+03
9.750346861796284070e-01 9.917320083010952025e-01 8.056389913367045796e-02 2.590441538282989065e+00 1.496019701279896363e+00 4.495552606689091069e-01 3.780000000000000000e+02
2.699887244145745546e-01 9.865812492846093296e-01 5.090429654542427684e-02 -1.329298461965640499e+00 3.659824224422647543e-01 -1.881304113987589122e-01 3.290000000000000000e+02
9.963739559577122762e-02 9.585501842110063508e-01 2.250982856673566790e-01 1.425915380899235585e-02 2.647607659984600570e+00 5.989905152773491448e-01 1.347000000000000000e+03
1.700821213834801116e-01 7.189665020915325666e-02 7.459320587625217769e-03 1.060457165690695813e+00 -1.413144469357721089e+00 5.087767696470740092e-02 1.090000000000000000e+03
6.064219353244301169e-01 2.419912588785785301e-01 9.429399825652521328e-01 4.653832828538752020e-01 5.769021184250829881e-01 2.636440149281249479e+00 1.620000000000000000e+02
2.276906687587059164e-01 1.360416847846970256e-01 7.672152614496893230e-01 1.389671168290381509e+00 6.435695564730437024e-01 1.947137622525880740e+00 4.680000000000000000e+02
7.987541463126115460e-01 6.606114216789471527e-02 1.889479928241386553e-01 2.207518017139941779e+00 2.854565018290243783e-01 -7.945407119461604939e-01 6.460000000000000000e+02
5.032318973001048690e-02 7.446960079941911115e-02 1.313286386255622107e-01 -1.599752755332395138e+00 4.916279348681600880e-01 4.526202504728083498e-01 3.060000000000000000e+02
9.778750789621993844e-01 6.225103943261910411e-01 9.740711696307802203e-01 1.408882120830608597e+00 2.192867081908135507e+00 1.564166758181063877e+00 5.800000000000000000e+01
5.972513076545454824e-01 9.657855917571541715e-01 5.855333187296640762e-01 5.109799010662724461e-01 2.692917550400208082e+00 4.876944622405952612e-01 6.810000000000000000e+02
7.563562294435161037e-01 4.693646452175848083e-01 8.520087675016287942e-01 -6.251790944143523765e-01 7.087710634014804389e-02 1.817704283848441404e+00 4.590000000000000000e+02
5.367158642965104143e-01 3.294138621953129897e-01 8.950333536475223450e-01 1.105936243401018704e+00 -1.303885234751498867e+00 8.038071516831319929e-01 7.600000000000000000e+01
9.857006418762837008e-01 8.864956178248732943e-01 6.327008919576975199e-01 1.723527462557178591e+00 -1.935500446522266937e-01 -5.026902079053958694e-01 6.870000000000000000e+02
8.860908003319862836e-01 8.714519531078501746e-01 6.800198348167909579e-01 2.181347532872170092e+00 2.020837744422393278e+00 6.450584341931485666e-01 1.900000000000000000e+02
5.891084257533876212e-01 4.881245093074186858e-01 8.539129783178723843e-01 -1.766754184781750281e-01 1.047391242034200864e+00 2.303325212838831515e+00 7.120000000000000000e+02
8.335339269107555626e-01 5.731714617352929864e-01 8.239881681341850728e-01 8.322994284836680023e-01 -1.156181637688968200e+00 9.206128726632764048e-01 4.410000000000000000e+02
1.324676901164789644e-02 5.001490123194602955e-01 1.054500374831668363e-02 -2.537304895815373773e-01 1.404988689608132724e+00 -1.442034874192376304e+00 3.730000000000000000e+02
4.341790829316830580e-01 3.366450803064255926e-01 1.240102635189354041e-01 -1.488270264543197774e-01 -9.908862628629662161e-01 -8.234940421818175427e-01 3.440000000000000000e+02
5.699267826935829895e-01 1.896332809791760887e-01 4.381276678639254296e-01 3.560832931723370010e-01 -1.510269367281334318e+00 6.922968013681338739e-01 4.040000000000000000e+02
8.467711822688239742e-02 6.127780039877573914e-01 2.494935841635159690e-02 2.575085407291823891e-01 1.055974389625048637e+00 -1.640495405949573771e+00 3.540000000000000000e+02
6.578656843637575857e-01 6.856655795076960214e-02 2.636955061240955356e-01 -8.192954386404416312e-02 -1.569616067915618474e-01 1.813482609954595759e+00 3.391000000000000000e+03
2.068862588096928024e-01 7.035114929739463285e-01 4.819205216415554105e-01 3.273017044877090664e-01 2.428054851411259207e+00 5.889267145086920507e-01 6.400000000000000000e+01
2.812869199775772655e-01 7.925904829519228034e-01 3.624796128154750274e-02 -1.293989325877978214e+00 9.743431566639974006e-01 -6.605093241785607860e-01 3.133000000000000000e+03
9.778395499828406168e-01 7.808755503771657169e-01 5.845815015432447304e-01 7.613971874633032044e-01 2.106010578138221678e+00 1.678734078612670766e+00 4.850000000000000000e+02
4.806014388052708419e-01 2.706588352714509593e-01 6.189469530304935185e-01 -9.160077257446825882e-01 -4.140443030637471766e-01 1.380960374073070485e+00 1.436000000000000000e+03
3.926916108083839951e-01 6.037325990416227972e-01 9.287501750352549212e-01 -5.407837102402296425e-01 4.945143072608492174e-01 2.383636833759458451e+00 5.880000000000000000e+02
3.184546302187932776e-01 1.000981297763889888e-01 4.776508890463579959e-01 -8.751701501370644509e-01 -1.144019827977006631e+00 6.432721162968233486e-01 8.400000000000000000e+01
3.162345335447929173e-01 2.550337011587373581e-01 9.205885340277830675e-01 7.049466963558175259e-01 -1.426430623599307612e+00 7.736852357368751987e-01 5.660000000000000000e+02
7.006103701538670681e-01 8.735095030666867322e-01 3.212064623965946719e-01 9.961752003400201616e-01 2.565451611473769322e+00 9.765930192250824038e-02 7.360000000000000000e+02
8.558229404234898308e-01 5.126661079607059968e-01 6.175183070971124177e-02 2.349441087513939763e+00 9.578691790336055778e-01 -6.938267927235816090e-01 1.930000000000000000e+02
2.635136308836948382e-01 4.296360145152422483e-02 3.833822760991686396e-01 -5.147172905654536779e-01 -6.848975250499843570e-01 -9.821120715377461563e-01 8.880000000000000000e+02
7.949068887421043561e-01 8.898601975891478055e-01 7.505395746379606159e-01 1.680579252052104788e+00 2.151436453795059212e+00 1.540482493238004125e+00 5.500000000000000000e+01
1.351207896159689614e-02 1.262721121515149036e-01 8.161128322117481293e-01 -1.254787080705329849e+00 3.503345553509552845e-02 -3.599368049749642751e-01 1.073000000000000000e+03
6.584972338529696545e-01 5.759960798766150525e-02 9.611218068740094989e-01 -1.339175771830283246e-01 -6.446466227443469199e-01 2.331862117317045069e+00 1.940000000000000000e+02
4.306811084978990900e-01 9.547971447179370852e-01 3.388009622155181422e-01 1.575516578550363533e+00 2.221107518694811489e+00 4.586789261036094967e-02 2.802000000000000000e+03
1.263485100552289575e-01 4.015394652335930736e-01 3.749624014513708303e-02 4.771865644968080189e-01 -1.251393097960856293e+00 -3.429332554083422968e-01 6.340000000000000000e+02
1.527951571550849597e-01 9.399880135733135189e-01 5.799866792401200399e-01 -2.853963951448463265e-01 2.394857550649572175e+00 1.411456939430157931e+00 1.219000000000000000e+03
8.508181446416174243e-01 5.791919434025621927e-01 1.259128172376335897e-01 2.276945530945565732e+00 -1.246048299705644347e-01 8.120839182200667583e-01 3.600000000000000000e+01
9.754168722710583328e-01 7.011206349793193127e-01 3.629027181117591150e-01 2.470734818350891704e+00 1.118195883641567967e+00 -4.052590337900863204e-01 4.280000000000000000e+02
5.491427468184666427e-01 2.264281301108828082e-01 1.372718540716550972e-01 5.592485769742587820e-01 -1.324888722114042627e+00 -6.329968628056505953e-01 2.658000000000000000e+03
1.863728275944995794e-01 9.117520009791723057e-01 4.700687773764435917e-01 1.046780290335584285e+00 2.363390656133136591e+00 8.605098266044142186e-01 5.857000000000000000e+03
5.396375940605414590e-01 9.480861795387846014e-01 5.238548549374972829e-01 2.725051984332738653e-01 2.328235574406078978e+00 -4.879889724656636396e-01 3.670000000000000000e+02
6.852768485599969317e-02 3.927816336223353133e-01 5.611095283271663181e-01 -1.067346512082456567e+00 1.697136697683629514e+00 6.530207658722719799e-01 3.585000000000000000e+03
4.257570321017636328e-01 9.943779993438291998e-01 2.132007709872589807e-01 -7.915028263591572522e-01 2.206993233404150878e+00 4.319305840090096327e-01 1.735000000000000000e+03
9.802733532182007492e-01 2.005699570685209876e-01 7.526244372403843030e-01 2.649970727924855218e+00 5.099630937487547033e-01 1.093779187863721747e+00 1.271000000000000000e+03
3.155565538385863844e-01 8.758504483011614328e-01 4.577628346912050450e-01 -6.262085311543006405e-01 2.324149203276610010e+00 3.332267313921793983e-01 3.860000000000000000e+02
1.162369997173372527e-01 7.718806416073134002e-01 6.064096364309919940e-01 -6.024548409699987950e-01 2.327644648716043374e+00 3.552515342036581814e-01 3.715000000000000000e+03
4.952393523368987527e-01 3.828544591107529982e-02 2.914311223347553215e-01 -2.373683688204362152e-01 -1.445820722046811335e+00 -2.191712759459557569e-01 2.596000000000000000e+03
2.456863494868893882e-01 1.783950665467483043e-01 3.751211173786385134e-01 -1.914618594381417571e-01 6.948736873208405385e-03 -1.292064415030729663e+00 3.940000000000000000e+02
3.893249432542492672e-01 7.303306669615169389e-01 2.429780928663634043e-01 2.112107399430573018e+00 5.759112280478698720e-01 3.333951574983654020e-01 8.900000000000000000e+01
7.154251167904255304e-01 8.572858006536098197e-01 4.445221013987215031e-01 1.606089441397973161e-01 1.860224095743355122e+00 1.743095853947179252e+00 4.317000000000000000e+03
8.318301820280217251e-01 4.159047649573297534e-01 6.226291421740755005e-01 1.821438535101000067e+00 -9.564749853498997201e-01 9.931006369950048374e-01 4.995000000000000000e+03
1.527357914995832733e-01 3.181848856854043728e-01 9.909853202944097772e-01 -1.351091884629854523e+00 -3.691685021887101126e-01 1.506783382218949363e+00 4.090000000000000000e+03
9.474828283738520041e-01 8.398469685333735946e-01 2.735784681047882527e-01 2.672609734688931482e+00 9.941434213724443802e-01 2.621871666407804558e-01 2.390000000000000000e+02
8.738050474881438046e-01 7.013821950181474696e-01 5.489160712532163977e-01 2.337622353437152967e+00 8.220732925910334554e-01 -3.690559074971357933e-01 6.380000000000000000e+02
4.829719215425809509e-02 9.376213439066318767e-01 8.747794003877322755e-01 5.008328201103655619e-01 2.181733117087942375e+00 -2.420900643493186788e-01 4.266000000000000000e+03
3.512844280083867732e-01 6.284641784183971902e-01 9.730316445242914725e-03 7.588011168815794738e-01 4.502936201783505066e-01 -1.664242622543395278e+00 9.720000000000000000e+02
9.743550882717166850e-03 1.200287344892370101e-02 6.867924719701667957e-02 -1.550573319879723577e+00 -7.354446416908393402e-01 -1.337850640066726160e-02 2.027000000000000000e+03
9.593858112449122899e-01 4.330017492286112324e-01 6.931769055798925327e-01 1.941659504350504273e+00 -7.555320012587363188e-02 2.026034833237509769e+00 5.247000000000000000e+03
2.655277859194293821e-01 2.561128617825045861e-01 1.681101337650747762e-02 4.448468283693108871e-01 -3.314963222643674268e-01 -1.602621025283536671e+00 7.010000000000000000e+02
1.056461989643884269e-01 4.826768404288923620e-01 7.301844782590360960e-01 -1.108025954076290898e+00 -7.090066501779679342e-01 1.057125395167046067e+00 3.422000000000000000e+03
8.063257757043673646e-01 3.129355664788213698e-02 6.143110304528101029e-01 6.218000860841398358e-01 -1.574951779808542174e+00 -6.918547869220081914e-03 8.000000000000000000e+00
2.517048853022251231e-01 8.508498822132226636e-03 1.283282195541318726e-01 -1.334958093190436124e+00 -5.161802390499987681e-01 -3.268665970144960520e-01 1.093000000000000000e+03
8.513802957453632247e-01 6.647309842661830448e-02 3.585651932598865610e-02 2.448331293448859913e+00 6.907435925002968213e-01 2.808746026643637039e-01 1.154000000000000000e+03
9.369285595871249539e-01 7.155342625068465967e-01 1.459474008669409129e-01 1.493265847717170303e+00 2.129863813981525134e+00 -6.848117349007858401e-01 1.223900000000000000e+04
4.570603783533403464e-01 1.395799991084385461e-01 5.885709750389741535e-01 7.385449464680273746e-01 1.681474224342273782e+00 -1.485373182964343508e-01 7.322000000000000000e+03
4.492313231287736741e-03 2.545185022775122707e-01 6.457939668670306110e-01 -1.664969702871800239e+00 -3.202136291137636093e-02 1.007445017531266807e+00 2.777000000000000000e+03
5.316228031874193904e-01 6.192484587407559582e-01 2.006553284101297852e-02 -1.445360156145377717e-01 -5.871588547985638895e-01 -1.022714715147595044e+00 9.000000000000000000e+02
1.349290602061847810e-01 3.138977569880097018e-02 2.062637137037051094e-01 -1.437704638754615960e+00 -6.785826649059306659e-01 5.539164049388392574e-02 2.087000000000000000e+03
4.914291056631827637e-01 6.392673930199073151e-01 9.954791377477657521e-01 4.717298719254359729e-01 1.111811586456847856e+00 2.661706590840283049e+00 9.530000000000000000e+03
7.587098798611374706e-01 7.087891104959576083e-01 2.699097699862407218e-02 1.744017752690317558e+00 9.560575178326299328e-01 -1.375872783483491180e+00 3.335000000000000000e+03
3.213592467650294715e-02 2.629483643274579396e-01 5.843353300478709711e-01 -8.078760673635363432e-01 1.579502874097058029e+00 1.333377435696313285e+00 9.510000000000000000e+02
6.025989080556859445e-01 6.424058910105445719e-03 2.199995370276905948e-01 1.326162513213436256e+00 -1.566336229884298437e+00 2.736724657950176942e-01 7.060000000000000000e+02
6.365536332702157463e-01 6.109576806777778923e-01 6.443428938254187610e-01 1.212128182713171576e+00 1.260536398403101055e+00 2.143262980925416006e+00 4.128000000000000000e+03
7.897095187407123795e-01 8.768439851765051918e-01 8.074833769794631522e-02 4.707996708991634138e-01 2.576284941325295730e+00 -2.023158859319464098e-02 2.039000000000000000e+03
8.317344694213875123e-01 1.011330802536019036e-01 2.096349384207173427e-01 2.553917819478652707e+00 1.369302429568783341e-01 3.907511219271355141e-01 2.223000000000000000e+03
7.509502185883162317e-01 1.532802159933016606e-01 5.649704824494528044e-02 9.792527318609276499e-01 -7.600996451390211739e-01 -1.397330724124020040e+00 3.736000000000000000e+03
9.048750876428391932e-01 9.076191280948809892e-01 4.090855743161792013e-02 2.261154153481156559e+00 1.984690034016841853e+00 2.028431962297621433e-02 2.930000000000000000e+02
2.088159340633073402e-01 8.955478175670210650e-01 9.198752757680431769e-01 -1.229075782244263504e+00 8.442973246667476728e-01 -4.440725500369435697e-02 2.176000000000000000e+03
1.041926223775465621e-01 2.902278558171600409e-02 1.902107310422762598e-02 -2.854381044041095494e-01 -1.391550773622486137e+00 -8.921093564378347329e-01 4.436000000000000000e+03
7.698989680142005465e-01 9.140888164221520062e-01 4.951609315289363655e-01 8.965198941165781754e-01 2.634929977909429066e+00 3.445859070258852075e-01 5.100000000000000000e+02
7.596868424591169955e-01 2.877380649434954085e-01 9.363379240528635350e-02 2.822505604374652699e-01 3.008482537139268720e-01 -1.571263417502804405e+00 7.426000000000000000e+03
3.599598778750766614e-01 2.685490414349345212e-01 3.262557822518531436e-01 3.082722834716278282e-02 -1.431066333543354441e+00 3.808385281716525905e-01 6.172000000000000000e+03
7.153558105816160140e-02 2.241167663300840385e-01 6.899743310172669064e-01 -1.151175437403702428e+00 -4.633381412240102915e-01 1.706037082726895804e+00 6.990000000000000000e+03
4.034985676302769164e-01 1.250009396160057795e-01 5.298062513263440687e-01 -3.192461489210447478e-01 -1.255534783603753812e+00 1.285955172909417854e+00 1.662500000000000000e+04
9.711203711328233457e-01 1.228356258627739672e-01 9.876408715764499746e-01 1.319536678310479827e+00 -1.412319930715746796e+00 1.710069756657034645e+00 5.134000000000000000e+03
2.261198176666268100e-01 7.832252713961398438e-01 2.381426174552092601e-02 -4.500355144181396039e-01 1.111051633770878233e+00 -1.536744562210015097e+00 2.652000000000000000e+03
7.739417184217610712e-01 3.765804472040141793e-01 2.437885159820118997e-02 1.286746024570426528e+00 2.017302378385309680e+00 2.366600051095413826e-01 6.807000000000000000e+03
8.414368123669206945e-01 4.970249081526323387e-03 9.667488184115825556e-01 4.393169548962436721e-01 3.464127552845365221e-01 2.616511418056019167e+00 3.950000000000000000e+02
3.483480691111874306e-01 2.769740571496168702e-01 3.554025697126395045e-02 -4.770310606720273849e-02 9.170700484034772781e-01 -1.524402238321608483e+00 3.326000000000000000e+03
2.975533417923044155e-01 9.524855600251557197e-01 8.908928523938594024e-01 7.044718131437910369e-01 2.607398970085051282e+00 1.200213014809596190e+00 2.447000000000000000e+03
4.809014625934010523e-01 9.025651644067200774e-02 8.245342028702048465e-01 6.892972863193069788e-03 -1.233089638647770325e+00 1.836498088330710488e+00 9.023000000000000000e+03
3.729379977879760943e-01 2.000771251359889646e-03 4.969173733007054006e-01 3.229103146334723062e-01 -3.073958791983787964e-01 2.200375897482810039e+00 8.061000000000000000e+03
9.504235850752043024e-01 1.949647457215638591e-01 1.369770815068771519e-02 1.939636472292908032e+00 -5.566024093852435239e-01 1.220596492277622680e+00 7.158000000000000000e+03
8.016887393479293911e-01 4.389232127411866191e-01 7.528633242546525217e-01 1.742096719291895024e+00 1.453512230742990630e+00 1.795092644417851879e+00 5.950000000000000000e+02
9.104897279970330937e-01 8.279398945884465233e-01 6.554754786912542208e-02 2.443702889699496783e+00 1.483797311262180729e+00 -4.025426675556273981e-01 2.079700000000000000e+04
8.032007695781929746e-01 8.436164041983624795e-01 4.300823329884028157e-01 1.525624143268243582e+00 2.103964514777301176e+00 -5.131181278397202172e-01 7.451000000000000000e+03
3.746069248051348000e-01 6.291613679119756330e-01 9.912968890594753280e-01 5.380092119130769346e-01 7.790978334089369017e-01 2.709091623270222460e+00 1.317000000000000000e+03
6.181013985944033839e-01 4.184563937024409208e-01 4.004486415854846548e-01 -7.338223360446946009e-01 -6.289343205054401809e-01 6.748113713987353712e-01 3.526000000000000000e+03
1.361286347871412117e-01 9.693800497201499056e-02 4.411340623261853500e-01 -5.881720542655469730e-01 -1.469991559472801468e+00 5.829799360997218738e-01 2.505800000000000000e+04
9.819132249820460290e-01 8.562764679020897773e-01 9.668731312014853252e-01 2.609660589935635766e+00 1.306120639597050603e+00 1.351683132473175952e+00 8.790000000000000000e+02
9.826272592496315683e-01 7.163455262163301862e-01 3.451060287529745807e-01 1.866460355161709606e+00 2.179670633683382874e+00 6.235278102769943320e-01 6.570000000000000000e+03
6.952700984624149427e-02 9.576212296384077893e-01 7.187354017497871173e-02 -1.292410661037552755e+00 8.256160630470473771e-01 -9.900588572123559805e-01 1.041800000000000000e+04
8.842146066975621332e-01 7.217926876322744434e-02 5.982373891543802946e-01 2.268336908980628230e+00 -8.976120653396525428e-01 2.191460800722809799e-01 1.562300000000000000e+04
6.947919980111261218e-01 4.742270332634702656e-01 6.728644223216654341e-01 2.407727476089462915e+00 6.833003583519532409e-01 5.240679415938426233e-01 1.354600000000000000e+04
8.751033815758724188e-02 4.992028056733612829e-01 9.770437168692688301e-01 -1.291223059719268873e+00 -5.323867966070094937e-01 7.901825115698133395e-01 1.469000000000000000e+03
8.317804668694274151e-01 1.648070474366738480e-01 7.088274474698711414e-01 7.144924787202047156e-01 -1.562137889095914778e+00 7.713151584245959702e-01 2.188000000000000000e+03
7.916218129754759580e-01 6.969191475455448481e-01 7.829864213356814151e-01 1.567551197824567311e+00 2.184393752616694329e+00 3.524601282987314677e-01 7.040000000000000000e+03
3.373123599074713264e-01 3.051281865196212584e-01 5.750727543020667243e-01 1.196706404052154671e+00 -7.844505216955758309e-01 1.611537956560564311e+00 1.109400000000000000e+04
9.501441530275688274e-01 1.121548842843806959e-01 9.172142582273232758e-01 1.951624753606855389e+00 -2.020795912663026495e-01 2.294999909567450480e+00 1.169800000000000000e+04
4.153817225584011119e-02 1.647190375037593801e-01 8.975401413050920763e-01 -1.066030389601785533e+00 1.070643778803002100e+00 -7.846818032261337894e-02 4.971000000000000000e+03
9.772191530332081655e-01 7.227876044857436399e-01 1.695847961406690141e-01 2.528226397689929961e+00 8.327252191203727838e-01 -5.934946544480700359e-01 1.119000000000000000e+03
9.981916804871082682e-01 2.936191578558288162e-01 4.443216025304703720e-01 -7.149680949604093616e-01 7.517453591354075759e-02 3.125432623789070052e-01 1.057900000000000000e+04
8.953346090327940487e-01 1.118767452917441840e-01 3.425144451068814488e-01 1.751729746433937862e+00 -1.047304172368418218e+00 -6.181556172809392624e-01 1.113200000000000000e+04
9.906399026997499968e-01 7.747928443765652595e-01 1.691387563709317865e-01 2.355645129820340244e+00 1.834800067093785181e+00 2.837922243550826673e-01 5.679000000000000000e+03
3.199638141103905431e-01 7.054373568723015797e-02 7.535678090596616974e-01 9.801056072852156742e-01 5.863439067262224969e-01 2.269537134758592867e+00 2.081900000000000000e+04
3.412627986573989469e-01 3.864286822393336873e-01 8.584438326310028788e-02 7.121096030060380944e-01 1.210678864647386277e+00 -1.391682024116711602e+00 2.580800000000000000e+04
9.699158464929168444e-01 9.163140019076062570e-01 1.590072025739074357e-01 2.494644065639075592e+00 4.225078306088572710e-01 -4.977723060335501604e-01 4.252000000000000000e+03
1.169654225264739056e-01 2.068621462751396578e-02 1.219827940607489669e-01 -4.397473146948351896e-01 -1.594213975745824019e+00 -1.646673469608702645e-01 5.140400000000000000e+04
5.448046553616500143e-01 3.380419998953726468e-01 6.301715034404361537e-01 -1.492329872835175264e-01 -6.882750012761374991e-01 1.840537218296014910e+00 4.434300000000000000e+04
2.719708685850557028e-01 8.572293224385945098e-01 5.218356235148939870e-01 -1.089925263436953395e+00 1.472938329647230038e+00 1.397130627513914813e+00 3.824000000000000000e+04
1.184925961367570002e-01 9.956970498258850277e-01 3.959509052025512732e-01 -5.527478137686568926e-01 2.586443452843053770e+00 5.336541854755756376e-01 8.200000000000000000e+03
8.582931647111636808e-01 8.649977701777111783e-02 2.272288149398634660e-01 -3.228319259592834500e-01 3.164126447641578133e-01 -1.018597655092524423e+00 3.622900000000000000e+04
6.472841676733140925e-01 3.113500211742112889e-01 9.976822980440861466e-01 8.276826802667294203e-01 -1.362259353059471767e+00 1.405711756700226633e+00 1.593900000000000000e+04
6.718518162803055471e-02 4.248602274128419065e-01 4.843752834936074780e-01 -6.126213859061944156e-01 -1.166233316350952398e+00 4.051012919799607537e-01 5.552900000000000000e+04
6.626131675893353057e-01 3.428928962367236988e-01 2.595669946436527376e-01 -2.027014891676470754e-02 -1.056399015647403905e+00 1.018284676903195241e+00 1.715600000000000000e+04
2.913737502285052017e-01 1.485416412168455436e-01 8.179992355406832116e-01 -4.323841204301643870e-01 -1.324165553241230864e+00 1.372352971030081026e+00 8.642000000000000000e+03
2.159532574719151832e-01 9.496291336945711370e-01 5.384203060724661594e-01 -1.136339605898165628e+00 1.226808609000837880e-01 1.236604068273050139e+00 5.578600000000000000e+04
9.400440644113389199e-01 4.100282625287037241e-01 1.996853646926335379e-01 2.235311755053258853e+00 -6.784663219037863069e-01 -1.710721696074640197e-01 1.878100000000000000e+04
6.153201139119313101e-01 1.540927536264440345e-01 3.955240385948536330e-01 2.176375475101159473e+00 2.057845390869450508e-01 -3.530974402703170867e-01 2.171900000000000000e+04
3.145981752143333088e-01 4.206294252509146236e-02 1.012373430341168001e-01 -1.016460701199039196e+00 -5.409323189863335379e-01 -8.413117498922912940e-01 2.298300000000000000e+04
7.577033356875685355e-01 8.182277697989472909e-01 4.646233379891518966e-01 1.148399247039094462e+00 2.367711150525266817e+00 -2.035517571065398323e-01 6.003300000000000000e+04
9.732356040244188877e-01 2.984696877298823603e-01 2.867291534450721047e-01 2.284291030040765058e+00 -6.797118579751453282e-01 -2.827394879700798613e-01 4.240300000000000000e+04
7.089506336461605107e-01 8.654890624909583607e-02 6.000559154482693058e-01 2.227217604927949512e+00 -7.161830658754559931e-01 3.753632701662069082e-01 4.427200000000000000e+04
7.915450063213417264e-01 8.156263003201508210e-01 5.141588078967744835e-01 1.732308674120221159e+00 2.263930660471025202e+00 6.459852154089481546e-01 3.167700000000000000e+04
9.733221964489601197e-01 4.376892089241342099e-01 7.144716317807879857e-01 1.712511765587070078e+00 1.978156953458954703e+00 9.982988836880315464e-01 8.326000000000000000e+03
7.448118187175784000e-01 9.680351002368212665e-01 3.435855710537386587e-01 3.361367625775132928e-01 2.631260479126680263e+00 6.017832424328580787e-01 1.299700000000000000e+04
5.159691672701871568e-02 7.955464664974039035e-01 9.934361235407171975e-01 3.711768025668835125e-01 6.946454216808115589e-01 2.692755892072084212e+00 7.129500000000000000e+04
2.358745336325659414e-01 9.599558632475398978e-01 4.310136330510042635e-01 -6.461860464951215688e-01 2.447730924422342191e+00 5.231792466556453025e-01 1.475900000000000000e+04
3.350449374462096674e-01 6.085901317520396869e-01 3.260292248590224151e-02 -3.570947237445515343e-02 1.951875152150637005e+00 -9.960498476806251000e-01 7.184300000000000000e+04
6.468076910753218778e-01 4.961475053973180005e-01 8.722993810588410835e-01 2.922716429466715726e-01 1.141239008573904812e+00 2.440151779439087676e+00 2.076000000000000000e+03
8.546757413020891203e-01 5.893067591756111501e-01 8.833886798086855174e-01 1.769882137199133343e+00 1.107256618891902633e+00 -4.928835300862232094e-01 1.631000000000000000e+04
3.701280828655597599e-01 5.596351801202010812e-01 4.615953257200533510e-02 -3.812503026969478181e-01 3.097759328700586678e-01 -1.494295230890093862e+00 1.883500000000000000e+04
9.254392699635953790e-01 7.184238771317732475e-01 3.451491208364119156e-01 2.399177531196269086e+00 9.846516360393480216e-01 -5.250338011782331726e-01 5.018800000000000000e+04
8.024522715560812314e-01 8.227764430824857644e-02 6.936298954134511030e-01 8.415964564747702159e-02 -1.493637993087981286e+00 6.702716554250434111e-01 1.116000000000000000e+03
2.790821368745044495e-01 9.384077650710298535e-01 9.569081981413970484e-01 -2.438463437582935045e-01 2.366380850135291425e+00 1.786027413016511911e+00 7.965000000000000000e+04
7.452743414565023983e-01 9.520310553493472883e-01 9.896125011451397668e-01 9.528504319837838299e-01 2.447669029420318942e+00 1.410966102165790437e-01 4.072000000000000000e+03
4.808375031553188128e-01 6.887764997719703075e-03 8.750189853701063614e-01 -1.895320768146465662e-01 -1.571966069640661878e+00 1.115487684161801107e+00 2.518300000000000000e+04
5.640300517161354055e-01 9.658370899933805820e-01 8.362444439113805306e-01 9.126235289841586606e-01 2.630540495637514908e+00 5.087613774132655475e-01 7.745700000000000000e+04
7.015109490537330128e-02 9.561720115831067179e-01 2.658889795330200423e-01 -1.643262617163264938e+00 1.042154859114205800e+00 2.751867679878025608e-02 1.922800000000000000e+04
2.131075689408669094e-01 8.499797673249478436e-01 6.316093519004749579e-01 1.244232259271626173e+00 2.096686385841049827e+00 1.250078817871464354e+00 2.595200000000000000e+04
9.528194725871808046e-01 1.165237256920259590e-01 4.173545395283473347e-02 4.857192104945284306e-01 -8.496467677137267693e-02 -1.613927485423934272e+00 4.852100000000000000e+04
9.413296650622161588e-01 7.917263971328126759e-01 1.391623461031957776e-01 1.571219239049926886e+00 1.854570543522979342e+00 -1.074757521542827110e+00 4.397000000000000000e+03
4.398925118117369415e-02 1.918468668169611702e-01 8.622339858385555944e-01 -1.409632898251860444e+00 -2.275255269624057997e-01 1.896093278074029165e-02 9.342000000000000000e+03
4.214980772893195393e-02 7.212416175969518228e-01 3.043418720338882943e-01 3.973914438540594452e-01 2.406075970474167658e+00 4.917894202385967306e-01 8.357600000000000000e+04
9.722281274434166898e-01 1.578317323129144745e-01 6.237430254484657155e-01 2.320007588266439935e+00 1.236587789648574187e+00 4.831162365879431708e-01 3.648300000000000000e+04
9.799683025402615710e-01 1.498788712494725228e-02 4.544575180134736714e-01 -2.062375394929943928e-01 -1.212413260268430104e+00 7.483998996184324515e-01 4.771400000000000000e+04
9.190122098301022335e-01 9.628140676192982195e-01 3.409410856626966524e-01 2.062377517979663732e+00 2.225412716769580967e+00 2.699774159574724886e-02 3.392300000000000000e+04
9.566226587561347250e-01 6.057117156738546226e-01 2.478708288216058264e-04 2.065159604049709774e+00 4.703522426485855501e-01 -1.323694595436805121e+00 2.205000000000000000e+03
9.381222326492325569e-01 1.658187042383818532e-01 3.023832324403080696e-01 2.655083835865087671e+00 -5.185038319974344390e-02 3.706695521265618298e-01 3.442000000000000000e+03
8.031444504153473218e-02 4.630806814891511580e-01 9.560257658811435189e-01 -7.824417265425405166e-01 1.919664684229049900e+00 5.899454039989433518e-01 3.220100000000000000e+04
5.752527228283688121e-02 1.806432040229488667e-01 9.234909640430869482e-01 -5.032309099522414009e-01 -1.456839106165955577e+00 9.883306733541876721e-01 2.185040000000000000e+05
4.664474300629313230e-01 9.329858518368902009e-01 8.379787966466037963e-01 2.122393868766110359e+00 4.375722416515362978e-01 7.265932186332376697e-01 1.309300000000000000e+04
8.595292890313690481e-01 3.518760161439475898e-01 7.574675042964488236e-01 8.161206225956508797e-01 1.919643867236217272e+00 2.247114188381815758e-02 1.304900000000000000e+04
9.126579496648856704e-03 8.951329276902101340e-01 7.700462915221150118e-01 -9.480301784201132786e-01 -5.426462389330813929e-01 6.410423815104202561e-01 9.498300000000000000e+04
1.848988425477426922e-03 3.098797058167698237e-01 6.977772492689929829e-01 -1.571753343388480495e+00 6.021027871082201832e-01 1.359880996479507109e+00 2.873100000000000000e+04
5.444811960478728174e-01 7.988892290479434610e-01 3.877088979054222895e-01 8.430183256269121461e-01 1.763524480020727259e+00 -1.019541760237391514e+00 6.543400000000000000e+04
3.854353407123689568e-01 9.041868708458250525e-01 2.798785189534046536e-01 5.515209768813298385e-01 2.628167005852532601e+00 2.974300305864918670e-01 5.605600000000000000e+04
4.001168036063784683e-02 8.984571524079469906e-01 8.604199451944822830e-01 -1.583713656994573338e+00 3.269875534879980172e-01 1.052613926216205309e+00 1.989100000000000000e+04
3.133996615727369095e-01 5.248797943131573440e-01 2.207142074072190319e-01 2.571495780232490591e-01 4.541541426822297556e-01 -1.508977617832773177e+00 6.416400000000000000e+04
8.138736051251739267e-01 1.349381205555464369e-01 4.034418145539652167e-01 1.148968296290705515e+00 -1.532222041168063598e+00 7.325140605948347039e-01 2.588310000000000000e+05
9.815687569055925321e-01 3.864043353464168273e-01 4.945138987465370617e-01 2.241969240423409726e+00 1.461529479728361558e+00 9.999805594332284997e-01 2.681030000000000000e+05
7.938677448368341993e-01 3.517835092078702708e-02 3.477953611990425298e-01 1.074533737858059723e+00 -1.636903785633832431e+00 7.018686996140491852e-01 2.037100000000000000e+04
5.154663303623319148e-02 4.919474773148491131e-01 9.086968925296861066e-01 -7.324114264229680815e-01 1.615905173794904393e+00 1.968002730110226972e+00 3.005360000000000000e+05
9.862191736216141535e-01 9.644280741004667146e-01 6.387540362921197978e-01 2.117969838471479349e+00 2.275118327979689603e+00 6.036614302631411189e-01 8.824000000000000000e+04
4.871382855779298193e-01 1.092703337751399495e-01 9.804251941887651700e-01 2.287146077592241422e-01 -4.682146549642078881e-01 2.592792488115111205e+00 3.661750000000000000e+05
6.986019837510979436e-01 5.168302984130795918e-01 5.799621025257029050e-02 1.091211123127486360e+00 7.715233002884751556e-01 -1.609633706267828313e+00 4.883700000000000000e+04
6.268447743944823847e-01 5.954429137663750371e-01 2.983187166052067019e-01 2.442598747337476617e-01 1.023034102586032779e+00 -1.335937863554523375e+00 2.062490000000000000e+05
4.369400189727097317e-01 9.592872293742854550e-01 4.278282379690823145e-02 1.910526501145587641e+00 2.276912558969248490e-01 -4.987983900104724366e-01 1.053000000000000000e+03
2.018969342126529787e-01 7.168092617580938963e-01 5.812653992522907043e-01 -1.407197226557148184e+00 1.249934207336872438e-01 3.351556837002573341e-01 9.918900000000000000e+04
3.403299398986260327e-01 2.157332169722336879e-01 5.982488954057293418e-01 1.782718366115469966e-01 5.748064108156646368e-01 -1.088405666922334092e+00 2.586950000000000000e+05
4.411050454278764299e-01 9.595071291076984199e-01 9.784549362042072040e-01 -2.268104017448981935e-01 2.458935752180926748e+00 1.531268430736237418e+00 3.877000000000000000e+04
8.625955539413906470e-01 1.589074156914208613e-01 4.215678280423673652e-02 2.007910575191720781e+00 5.958022355906696932e-01 -1.181516547150927021e+00 1.003960000000000000e+05
1.445688608922113261e-02 3.244658628648084964e-01 4.779761501011137170e-02 -1.231750928777591625e+00 3.868614827070247508e-01 -1.153482064660442674e+00 3.835330000000000000e+05
2.349141500141375127e-01 1.573356316015152023e-01 7.916982807245752651e-01 5.493896520411618578e-01 3.965514411627261149e-01 2.478079303827250168e+00 3.530990000000000000e+05
2.535476289637158542e-01 9.236730627985209052e-01 1.370258866680895693e-01 -1.153835844574954805e+00 1.524314856871491486e+00 -6.744549779387281063e-01 2.785780000000000000e+05
9.582991582895236116e-01 8.693790304858173279e-02 4.986101657362386197e-01 4.786777604982128675e-01 -1.575636638338923312e+00 4.223919978834501654e-01 2.096130000000000000e+05
9.336085696184158733e-01 8.450406196625777078e-01 5.046798485242501853e-01 1.842561038758341763e+00 2.316026625723575094e+00 4.046519583278281318e-01 2.708240000000000000e+05
