9.550761218416439213e-01 5.976003970265449938e-01 3.151199553602448411e-01 1.279631796277187483e-01 9.530167187190147216e-01 7.505087690622267438e-01 1.000000000000000000e+00
7.925741835632130750e-01 7.062854098010693527e-01 7.261944118714847018e-01 -9.134665804793939969e-02 2.432232304310095738e-01 7.914428892673788241e-01 1.000000000000000000e+00
9.174045979207232637e-01 3.474137903430793983e-01 9.103207833636822732e-01 1.628436953508976437e+00 -3.531830999350353828e-01 8.503458999602525603e-01 1.000000000000000000e+00
9.067192723192547543e-01 2.791927820088124790e-01 4.038824436981760524e-01 5.607860309103804841e-01 -6.546776222478606355e-01 3.132388529604543947e-01 2.000000000000000000e+00
4.202732434936967687e-01 6.604322864668894510e-01 5.245339324054049124e-01 7.985230928031299413e-01 3.923467361641018170e-01 -3.615005980821165421e-01 2.000000000000000000e+00
1.477860425229283736e-01 8.317640242069924694e-01 8.803628715809583838e-01 -2.122776039800315928e-01 1.287588083140130957e-01 2.670620996148236337e-01 1.000000000000000000e+00
3.986262381448693048e-01 1.851773720473152141e-01 7.500108091242411179e-01 6.444380029244767272e-01 3.458963221345545680e-01 1.705911429156883763e+00 1.000000000000000000e+00
2.707945370245729011e-01 9.556296467146589979e-01 2.881326787032755243e-01 8.057973255890910069e-01 9.378667323727422067e-01 -5.565308608805467072e-01 1.000000000000000000e+00
8.574379986502174145e-01 4.213657656473815960e-01 9.998091878599273397e-01 1.329175055712066067e+00 1.247419537211468032e+00 6.914274188148450406e-01 1.000000000000000000e+00
9.061810818573790005e-02 1.149016111620571046e-02 1.171825436590758773e-01 1.066450021896703015e+00 1.995559149038469149e-01 5.902049252006547064e-03 2.000000000000000000e+00
3.142911495647493503e-03 3.417750903546509234e-01 7.724763287565702408e-01 -8.373043210732946662e-01 5.443369812364775573e-01 1.275086644637159150e+00 1.000000000000000000e+00
8.120060954210285287e-01 5.047292829676527370e-01 8.149063621581653649e-01 1.508747252583198861e+00 2.219550383600326082e-01 1.556715887254302988e-01 2.000000000000000000e+00
8.903993655996367274e-01 3.448626721148352336e-01 6.692103916647242912e-01 9.610506102361411340e-01 -4.115634104727606823e-01 1.895814583046617763e-02 1.000000000000000000e+00
8.016142917077107022e-02 5.460575778935606861e-01 9.198050646636146688e-01 4.499818006955633165e-01 6.264663138750276028e-01 -5.812203964800310985e-03 3.000000000000000000e+00
9.157512686241842115e-02 5.825493225910410855e-01 6.217390844681081052e-02 1.957996527590541991e-01 1.417444879107585098e+00 6.026243297719789949e-01 1.000000000000000000e+00
3.229115214012592272e-01 2.035489441931417343e-01 6.617452147937261664e-01 9.480334786427503380e-01 -5.767369848491898932e-01 6.423439902676084667e-01 1.000000000000000000e+00
1.537977080083852144e-02 9.738972370949189328e-01 8.004616347202164750e-01 -5.160615201779668038e-01 2.220788629550666249e-01 4.101549776561974614e-01 2.000000000000000000e+00
9.717811350221200462e-01 4.292830208699764949e-01 5.325645826222188406e-01 1.677774032346402766e+00 7.894006334443501860e-01 1.142391881159598110e+00 1.000000000000000000e+00
6.629555474561887873e-02 5.587645265819499718e-01 4.573514462014237614e-01 -5.452685616642714006e-01 -1.625667865821022184e-01 1.322815026987763654e-01 2.000000000000000000e+00
3.462037493302362323e-01 2.817537565992686011e-01 4.891362812449753239e-01 9.950767356627914229e-01 -2.475334810508434957e-01 1.035779554018532389e+00 2.000000000000000000e+00
1.014125458080084030e-01 5.987143095697071704e-01 4.825291219520165820e-01 4.546377313808577791e-01 1.512501031903805249e+00 6.830928134889747705e-01 4.000000000000000000e+00
3.795816925808657150e-01 4.573166402283401766e-01 6.174985407421582639e-01 2.948538106009409021e-01 6.904801634375927755e-01 -3.512408243400315655e-01 1.000000000000000000e+00
4.315641949406571198e-01 7.634003965335867115e-03 6.774833791577733466e-01 -5.513307492980387137e-01 -1.616604297253685929e-01 6.049787357798873666e-01 1.000000000000000000e+00
3.620712748075471943e-02 3.526785588288350315e-02 7.824512120111694058e-01 3.685402602600438837e-01 -3.484038967485178495e-01 -7.914653351156120120e-02 4.000000000000000000e+00
3.883405807793648412e-01 7.254685132385352286e-02 5.842262124543625701e-01 4.689524274504606183e-01 8.653506732573289506e-01 -1.989615106477582440e-02 1.000000000000000000e+00
2.607492271260194450e-01 1.652386922775715972e-01 4.042045099063122926e-01 6.057262829920562197e-02 3.039968608260084637e-01 1.374088781323893560e+00 7.000000000000000000e+00
2.669145788747606662e-02 1.386323297553538891e-01 5.241365892839420226e-01 -7.577442888569023705e-01 5.439495690296339836e-01 9.935814686645412230e-01 3.000000000000000000e+00
1.919875891484493780e-01 4.325734823770165383e-01 2.283994959584434437e-01 5.485053620430498933e-01 -3.405584738576100667e-01 -2.961594195687768938e-01 1.000000000000000000e+00
8.258674964597533252e-01 2.484489885280548593e-01 8.870853096463165999e-01 1.506817591041446081e+00 6.220174557622870637e-01 2.572015354645632579e-01 1.000000000000000000e+00
7.256624153655564236e-01 6.086994045300780920e-01 1.143538489240244482e-01 1.047664526153205822e-01 5.422313010490937835e-01 -6.667160549002740799e-01 3.000000000000000000e+00
5.489592384605477271e-01 5.275597292921854198e-01 6.858150661103944445e-01 1.543669637853340326e+00 6.295181040692174879e-01 6.982934936017620720e-01 5.000000000000000000e+00
6.356992476846873297e-01 2.487386660362094215e-01 9.829071264118766083e-01 9.500018220646366807e-01 -2.859207371710170698e-01 1.984626004572181968e-01 5.000000000000000000e+00
4.186866774738213781e-01 9.412204551556453413e-01 2.485867320145688231e-01 5.309753036956911254e-01 1.389707843402868459e+00 -6.381208449263241489e-01 4.000000000000000000e+00
8.229890542262763287e-02 4.090105754013151351e-02 3.451572564870262205e-01 -4.436374780478402613e-02 1.029085270762684967e+00 2.588523724125111336e-01 1.000000000000000000e+00
8.476140298257717198e-03 3.990630285743197447e-01 8.318858651975177265e-01 -1.218233099933226093e-01 -5.908434350422113734e-01 7.761431836695774633e-01 1.000000000000000000e+00
6.817419808524145530e-01 4.638899258799820124e-01 8.402795704472815208e-01 8.946576114086743914e-01 3.861670415752385122e-01 -1.336948067927882233e-01 2.000000000000000000e+00
2.645320668846558032e-01 6.497175292101147193e-01 1.126958333027962000e-01 -7.142091530692906698e-01 7.146672093359747180e-01 3.072393076590672623e-01 3.000000000000000000e+00
1.797311351967508797e-01 4.736930956782060553e-01 4.339228072450559415e-01 8.400859019295274788e-01 -1.798867965355248622e-01 6.410541102472111508e-02 5.000000000000000000e+00
8.926856822214158660e-01 9.651436740675664039e-01 3.118592478061980033e-01 8.994402618924118853e-01 9.894135895946721826e-01 -6.878233752566295101e-01 2.000000000000000000e+00
7.841529980193033822e-01 6.680783116216028050e-01 2.699049306399353698e-01 8.622208587284746484e-01 1.582031071410456846e-01 -5.867937824326380225e-01 5.000000000000000000e+00
7.621337690985161561e-01 9.646664219563763076e-01 4.835691469947087651e-01 1.461024847197323062e-02 1.628702184904535777e+00 4.998507819235002980e-01 1.000000000000000000e+00
7.212297317379908757e-01 4.135523690615428016e-03 7.012629283428162275e-03 6.589580386852756932e-01 2.986826378245881486e-01 -9.465932818767831547e-01 5.000000000000000000e+00
5.837835781365960930e-01 5.180025348772376859e-02 1.485044691610520884e-01 8.611730781246741406e-01 1.003677801437401484e+00 2.788279091312769742e-01 2.000000000000000000e+00
7.223891157802577734e-01 9.709145176059464921e-01 6.189424274100330248e-02 8.449340235012495759e-01 6.183471156482165387e-01 -8.658336121110702388e-01 1.400000000000000000e+01
6.845057953384713345e-01 6.614164285454922076e-01 9.459754378321683088e-01 1.311055657787597584e-01 -1.712599851968390485e-01 9.260210919278670794e-01 2.000000000000000000e+00
1.343092473432031531e-01 7.100407278383277232e-01 7.817747667989372040e-01 9.574787283004450034e-01 4.059173474021788852e-01 3.022948661850799468e-01 1.000000000000000000e+00
3.574569822710876865e-01 2.478776728564150433e-01 9.893503346409490140e-01 3.542400183781386769e-01 1.069055597644932298e+00 4.186871529099599476e-01 2.000000000000000000e+00
9.537994617146532406e-01 6.578064059020208854e-01 2.006665793457532709e-01 1.364733273067969321e+00 2.459684908707958639e-01 -6.126740223884591385e-01 3.000000000000000000e+00
1.126946982248184792e-01 6.750777859353518373e-03 8.585506519881483944e-01 -4.831194858958978711e-02 2.432944022525772299e-01 -9.963720717126400839e-02 4.000000000000000000e+00
7.677689478229070552e-01 4.429884312610365971e-01 1.468479212750505303e-01 6.264132263641709608e-01 1.188146600494964567e+00 -5.048865820580329400e-01 1.000000000000000000e+00
3.336490513975509664e-02 2.364396367250146680e-01 6.858132458342067750e-01 1.547097864660370858e-01 -6.025665774474774361e-01 1.216231941164464647e+00 1.000000000000000000e+00
4.417414510785888648e-01 9.227358141992303420e-01 6.811515050008447592e-01 6.386753438231119739e-01 3.963658954127402545e-02 2.552961289669086753e-01 2.000000000000000000e+00
8.867496788514694916e-02 1.625926531807267983e-01 6.616400195216151081e-01 2.992802380389004702e-01 -2.613700345943266723e-01 1.542492481377752078e+00 1.000000000000000000e+00
7.977191244454948649e-01 7.701279664865900987e-01 6.348274249573537809e-02 9.047908555855873614e-01 7.971909782715991266e-01 -9.304001669980279665e-01 5.000000000000000000e+00
2.581713650991768194e-02 6.644975295544225391e-01 9.090111063858531404e-01 -2.512206445464977844e-01 4.715012223402703651e-01 1.850288160854428821e+00 2.000000000000000000e+00
4.380511097300346934e-01 9.577061512168448809e-01 6.560921788699047852e-01 2.762713692692962408e-01 1.285244159065621838e+00 1.586976795238072446e+00 3.000000000000000000e+00
1.196385209981851716e-01 4.228169579215274032e-01 5.236298477774996574e-01 -7.861146588386438427e-01 5.530804015428358866e-02 7.346947017371825428e-01 7.000000000000000000e+00
5.161630238614227650e-01 3.287172858083495797e-01 5.259706769775411850e-01 -1.245916992498369291e-01 9.325045216565838735e-02 1.256716019121367767e+00 1.000000000000000000e+00
8.471009152440353018e-01 4.719037998078123852e-01 2.523391965122256941e-01 1.807637274478213207e-02 5.375833103006549818e-01 -3.030025989933211594e-01 1.700000000000000000e+01
1.615249216360791218e-01 8.594692455191841329e-01 9.946440505212870153e-01 3.359269386685083125e-01 -1.230394435781694273e-01 1.059917416477244023e+00 6.000000000000000000e+00
1.569041351855547939e-01 2.349123408028265247e-01 7.074731319513298811e-01 -8.005208213777048609e-01 4.941142465415938601e-01 8.345629608568392310e-01 1.000000000000000000e+00
2.123215148467294533e-01 7.429210596078661411e-01 4.952784038009009349e-01 7.137424783299548547e-01 1.463179605587182630e+00 1.589896710871785412e-02 7.000000000000000000e+00
7.866417760930750624e-01 3.169551698465655765e-01 4.804991679947360206e-01 -1.346976972778934911e-02 -2.654387340364517955e-01 3.368368731361143231e-01 1.300000000000000000e+01
9.778357350998978514e-02 5.840012518873443081e-01 7.672466869000563738e-01 -2.092267407936437840e-02 6.940626193021094403e-01 1.754057368938940265e+00 7.000000000000000000e+00
7.600649314229029896e-01 9.226839524743972731e-01 8.836536986063903143e-02 5.140397935388932860e-01 1.892573127704110236e-01 -5.453198798506613265e-01 2.100000000000000000e+01
3.513566423988131460e-01 1.336000777799850603e-02 1.572405571682082837e-01 -4.096072024461272498e-02 -8.717097882441443568e-01 -9.323607475147621670e-02 8.000000000000000000e+00
6.701946005892558400e-01 4.075215977549606627e-02 4.009085673772220249e-01 1.544228561035196901e+00 4.993738859285224430e-01 5.613166354024995419e-01 1.000000000000000000e+01
3.617843992833357225e-01 7.318923811267715740e-01 6.260346370183972331e-01 -2.690722688326800949e-01 4.299246738702537929e-01 -8.869284116318276734e-02 2.100000000000000000e+01
3.279178360212601229e-01 9.630221834981382845e-01 6.769871314440613075e-01 7.374288614221756744e-01 1.079560871422620139e+00 1.581818305913603506e+00 3.000000000000000000e+00
4.754527228925132798e-01 6.703967996758007919e-01 4.521157844945754567e-01 -4.782474072184781377e-01 4.455623488776404573e-01 2.523520952000298800e-01 9.000000000000000000e+00
9.600103702852125220e-02 7.365762972811349396e-01 2.849054607223134861e-01 -2.849269034010627477e-01 1.133520758010617246e+00 -5.501568119832948023e-01 7.000000000000000000e+00
9.768282786822387598e-01 2.502519947988361970e-01 3.246427389580879286e-01 4.521317281702301738e-01 1.091295241610205746e+00 1.929621144388018461e-01 1.200000000000000000e+01
5.076042382477330417e-02 9.600254397644218951e-01 2.396798420538829300e-01 -3.896871162506902742e-02 1.805016381971400241e+00 -2.875193516476884925e-01 2.900000000000000000e+01
3.696483006963815487e-01 6.747520173002219401e-01 4.764596861066862088e-01 4.319226541361462779e-01 8.321507603572977363e-01 1.462029338940879164e+00 1.900000000000000000e+01
4.193321817246771221e-01 1.893340589768772730e-01 2.275636117506061318e-01 5.360419930397793964e-01 4.460184127530608666e-02 1.210127301850122405e+00 1.500000000000000000e+01
2.921250307495713017e-01 1.988445306539239343e-01 7.424403810919438795e-01 1.132585271315718956e+00 -3.122199596773972408e-01 9.225505439087057225e-01 6.000000000000000000e+00
6.924581178054118880e-01 1.008554576142945969e-01 1.139029181895725440e-01 1.111102301338519283e+00 3.917210371027637361e-01 9.742134797095012289e-01 1.900000000000000000e+01
7.349050022175496188e-02 4.386459756744186533e-01 4.383726047868562459e-01 9.834202359723578368e-01 2.227105231218102221e-01 8.425432464907756103e-02 5.000000000000000000e+00
5.737479232049321753e-01 8.746154705603810253e-01 2.590556362598184226e-02 5.044855294196426421e-02 1.625270257207588109e+00 4.292356522209402891e-01 3.000000000000000000e+00
2.239098715732059652e-01 9.882481107095204553e-01 1.687406416586545443e-01 2.229302257571726398e-01 1.900276369693831180e+00 -2.413855524671562058e-01 3.000000000000000000e+00
4.529608527345929669e-01 7.711780494581434997e-01 2.277820181485779027e-01 7.377150449811691324e-01 1.007488723241720452e+00 -7.012348360870983566e-01 3.200000000000000000e+01
2.402709309805107774e-01 8.551299603398622162e-01 1.438251383981838938e-01 1.214618095422420607e-01 2.236102589686276287e-01 -6.223780066247619480e-01 3.000000000000000000e+00
1.951092006867627404e-02 9.736862822384519944e-01 3.073107406713833090e-01 5.666294479439979437e-01 1.430810690136250507e+00 -3.939014897978434515e-01 2.000000000000000000e+00
2.795353657931147762e-01 6.654718270485915355e-03 2.916833039500864588e-01 -4.999084181678081773e-01 2.382768270630121199e-01 8.737645580402532142e-01 7.000000000000000000e+00
8.485132412700069349e-01 8.570670052983694331e-01 2.399489982307186908e-01 7.824314715411173626e-01 8.303534663285437878e-01 -7.575075604951265751e-01 3.000000000000000000e+01
2.605025370824426423e-01 6.521901116658601616e-02 8.781452963107742038e-01 3.498794998925292554e-01 -3.899640486094515524e-01 -7.755454683245788239e-03 6.900000000000000000e+01
7.888946509165152277e-01 2.640914252467383427e-01 7.914731501143656978e-02 4.749545086567348862e-01 8.624796395731429977e-01 8.162857904915634677e-01 1.400000000000000000e+01
4.063051021680417207e-01 9.237053673513391239e-01 2.518037344134378408e-01 7.398047802210473423e-01 7.968992992000467623e-01 1.185986899439735787e+00 4.900000000000000000e+01
6.101163944502847603e-01 7.814341841347245410e-01 1.326024014850598620e-01 9.378709192532050931e-01 1.630696708181026633e+00 -2.813180458495890823e-01 4.100000000000000000e+01
7.166546262527222488e-01 7.747990471408364721e-01 8.120504499720566649e-01 1.294457139484151975e+00 1.583687065361794488e+00 9.208825669321449858e-01 1.090000000000000000e+02
6.524553944323122634e-01 9.290186918220386669e-01 2.019922987757856170e-01 6.126864661669541023e-01 1.751203572811677045e+00 7.698218980541948753e-01 1.020000000000000000e+02
1.640341450172255744e-02 1.130979245188692417e-01 7.605666176030384529e-01 1.654917932561167926e-01 -2.290103313915102246e-01 -1.671912153244689003e-01 1.100000000000000000e+01
3.779380932999681919e-01 9.991955145940351057e-01 1.495831778187898253e-01 3.025905783115462322e-01 4.863497377601341265e-01 -7.055846192647429183e-01 4.500000000000000000e+01
9.141865586047566161e-01 2.682946476414296288e-01 8.677426280239597389e-03 1.521934234586423074e+00 6.883676658619652944e-01 6.826072606858495373e-01 2.500000000000000000e+01
2.939029955281369233e-02 2.821780735231876891e-01 2.557969541449425233e-01 6.568455896583306197e-01 -2.889362631424857719e-01 7.850684094243005617e-01 6.900000000000000000e+01
9.604863789193814894e-01 7.468451870821940508e-01 4.215609697405316991e-01 1.735316814892755133e+00 1.354968471906587091e+00 2.488650927089662845e-01 3.000000000000000000e+01
4.810672900823105280e-01 8.777191703440713200e-01 5.664731214848313101e-01 2.663367257827582990e-01 7.377165710882258587e-01 -4.001136862863088339e-01 8.000000000000000000e+00
9.148068485067548661e-01 3.084819799348059721e-02 2.723428614776011170e-01 -4.491105075960766246e-02 -1.344113331479776519e-02 5.497955762958663950e-01 4.400000000000000000e+01
1.563235663073015980e-01 2.384994256606400853e-01 5.318064230090617794e-01 -7.879874074612928103e-01 4.915200032345043990e-01 3.214320611100958125e-01 2.100000000000000000e+01
8.032801666725960521e-01 1.180923257520123393e-01 7.051767827488495399e-01 5.112906237047525337e-01 -4.747039563108996774e-01 -4.537946082641930445e-02 1.800000000000000000e+01
5.257499330656483227e-01 7.263166191825999318e-01 2.342350827364625410e-01 5.771694491458650988e-01 1.435159739748003593e+00 9.377245736268218224e-01 3.200000000000000000e+01
3.716370223614787749e-01 9.024342322588333465e-01 2.316786042583304228e-01 2.817326689372506854e-02 1.808478248804066713e+00 4.788969060941129507e-01 6.100000000000000000e+01
1.364505111575498031e-02 8.949177512629870046e-01 1.401389898287734859e-01 -4.700200794424454903e-02 1.134921804640570464e+00 -8.287366412971739482e-01 5.300000000000000000e+01
2.923869033799944006e-01 3.686260803207905834e-01 9.995306072447971424e-01 6.015455524257128372e-01 1.751610358794273570e-01 1.930654769910296720e+00 1.970000000000000000e+02
6.130928041068464118e-01 1.973257471803826490e-01 3.540789762475337055e-01 6.243182333382915061e-01 4.553752858180700747e-01 1.320145446707742920e+00 2.000000000000000000e+00
3.764364654020887491e-01 9.866735741507798307e-01 7.127662705980760682e-01 5.400097388107147900e-01 8.047757136311772808e-02 3.228270589790721568e-01 3.600000000000000000e+01
4.907980885840388385e-01 7.604900592139394178e-01 3.589390042658994195e-01 3.916345202770719069e-01 1.696791339374907004e+00 2.203174775520488904e-02 8.000000000000000000e+00
9.300776303550004620e-01 2.709227098757031049e-01 5.567312058853585155e-01 5.960343205056750637e-01 1.087947136235179579e+00 8.674593603440239331e-02 3.180000000000000000e+02
3.930507309480458789e-01 8.700726404124207169e-01 9.689803073699477798e-01 1.265836509332493698e+00 1.358113550418016624e+00 9.611665239864989330e-01 3.300000000000000000e+01
4.722075135523307043e-01 3.453355466305207955e-03 7.302970502960175470e-01 6.426751410446576163e-01 -3.915231499612812915e-01 1.633034192623366909e+00 1.500000000000000000e+01
4.698359012000097312e-02 1.412128453132474037e-01 2.314370770826379431e-01 6.858130690172202781e-01 -5.821131248520782231e-01 4.935371300706097308e-01 2.500000000000000000e+01
2.472182743190907139e-01 8.218662510547442013e-01 9.217242463565229471e-01 -2.807124431624973271e-01 8.587956010156824194e-01 1.770208412767916961e+00 1.730000000000000000e+02
9.706326869378053557e-01 4.287820645632963723e-01 4.384610323145488042e-01 2.676446023147666109e-01 3.778057780249943765e-01 1.147833410610177296e+00 1.870000000000000000e+02
3.590331665044100840e-01 8.405918342958931255e-01 8.191866791540688419e-01 -3.999151876529855043e-02 7.504868144085680148e-01 -9.331558710970033754e-02 2.600000000000000000e+01
7.042122616943317093e-01 8.337920879144533615e-04 3.012907112884942729e-01 1.240831909108278008e+00 -3.310507527852050158e-01 -4.745262792986507661e-01 3.900000000000000000e+01
6.241202757859102279e-01 8.294787106474994509e-01 3.424626841528410903e-02 5.673918084873743606e-01 7.545569260997131433e-01 -9.613282427078834180e-01 1.400000000000000000e+01
6.954349288569331433e-01 3.201000502510165102e-02 5.927920553151310168e-01 1.343136820892005590e+00 1.460591929328267646e-01 -1.605173378240861704e-01 9.500000000000000000e+01
3.133789661213987054e-01 3.886171039339710864e-01 9.413027517586277648e-01 -3.431075590155717725e-01 1.766215768308328216e-01 2.173667471271075735e-01 5.200000000000000000e+01
8.901117869021035744e-01 3.618646234310104459e-01 1.998679433394778826e-01 1.556630764463266203e+00 1.016553032374599264e+00 5.564286531011322090e-01 8.000000000000000000e+00
1.434928080914823489e-01 6.064913057245435724e-01 9.064001008242710267e-01 -5.158487366705646338e-01 1.051950260862507758e+00 1.512069190871130564e+00 2.880000000000000000e+02
1.866206566173076453e-01 2.277151508612718089e-02 5.682135935988974484e-01 2.800488100571206229e-01 -9.437463132728838300e-01 8.071999271182186408e-01 8.400000000000000000e+01
8.114069671678603157e-03 2.847305056668417711e-01 8.185294447764290826e-02 8.872962862342245183e-01 6.888148716688999862e-01 3.343493904583402232e-01 1.300000000000000000e+01
5.438577675858691229e-01 1.640125988672377355e-01 6.299515899706453759e-02 9.346723697941834441e-01 -5.537200473017408475e-01 -5.133066675869164541e-01 2.740000000000000000e+02
1.822155185519432896e-01 4.087607177946162018e-02 6.968253331786443683e-01 8.981995084097507132e-01 7.332508384390629130e-01 7.861791733891120293e-01 1.320000000000000000e+02
3.750945358813770891e-01 4.957791564304282472e-01 7.901669739665585501e-01 -6.216714169447418170e-01 5.078222849962649166e-01 8.696188357508248812e-01 3.400000000000000000e+01
8.179984301943602487e-01 7.487447964653362042e-01 2.973785673742653790e-01 3.089029915097971646e-01 5.944200015532398185e-01 1.144140453612605413e+00 7.900000000000000000e+01
1.893651238179233642e-01 1.085475496736800771e-01 7.580144084798364768e-01 -1.647819508722583315e-01 -4.005060107344727838e-01 1.542517003838303147e+00 4.900000000000000000e+01
5.626267768200823305e-01 6.944797978717212050e-01 6.740869169180839782e-01 8.879904290700952885e-01 1.932969976589214989e-01 -1.277573912648634069e-01 2.410000000000000000e+02
7.318603826092976439e-01 7.262824755496888329e-03 9.325219787769473134e-01 1.293725639201366739e+00 -3.177674509191835694e-01 1.718231202727625861e-01 2.010000000000000000e+02
2.159442408323100082e-01 8.782888539291215935e-01 7.272976393055043953e-01 -7.589936278017984650e-01 1.094729015082782420e+00 6.758213443440428403e-01 2.500000000000000000e+01
5.820958554859296807e-01 2.165625238540443975e-01 9.029468111269269848e-01 1.217495996067148756e+00 7.733353403899763112e-01 1.437989512334982400e+00 7.200000000000000000e+01
4.676064084701888612e-01 1.962530282640472246e-01 3.721669043515962727e-02 1.390940193819276693e+00 5.772555093069793308e-01 8.508975459502754468e-02 5.000000000000000000e+00
3.059335377572898196e-01 2.683552334903360759e-05 5.674523442506693716e-01 7.735605129661656809e-01 6.791920490390617182e-01 1.714220374300357008e-03 4.800000000000000000e+01
1.813768777435812440e-01 1.136885681334753873e-02 9.363285549256973317e-01 8.266071451982123786e-02 1.479448329407472285e-01 -4.937024382736387995e-02 2.120000000000000000e+02
6.166070575993791714e-01 3.828614347558980668e-01 8.423266002706553124e-01 1.343444834751429839e+00 1.672083212023488530e-01 1.494400660726464158e+00 2.730000000000000000e+02
4.853976245576253623e-01 9.571928017579782733e-01 6.576103086705900047e-01 -2.366624240218710984e-01 7.260976906140742537e-01 1.309702584234993417e+00 1.100000000000000000e+01
3.749571283922024101e-01 3.623634234289102585e-01 6.802180412094956941e-01 3.015832783448990639e-02 9.507136997079050911e-01 -5.119001147819057795e-02 8.270000000000000000e+02
5.971161425837134828e-02 2.676862199812473087e-01 4.326750441804964042e-01 -5.980824911262155874e-01 -3.238094263008879370e-01 -3.362937929259268710e-02 4.250000000000000000e+02
7.090876389461087115e-01 7.287303254869310631e-01 5.543804924439527104e-01 1.397635116442382364e+00 1.385089001653172502e-01 1.330243006954024976e-01 2.500000000000000000e+01
2.561036870468645921e-01 1.954759241856148799e-01 4.610136374425340966e-01 -5.847656207508394877e-01 3.071430727139165540e-01 9.906071184667705198e-01 2.200000000000000000e+01
5.145184365747679234e-01 6.427226204444345115e-01 3.025619692422388818e-01 -3.248392579283467807e-01 9.518512550240779690e-01 7.496840420158176199e-01 6.710000000000000000e+02
3.091903772623657565e-01 7.823607099399225717e-01 1.737364614674083985e-01 6.144850673699464583e-01 2.563581057992030399e-01 -6.200622615280986238e-01 7.410000000000000000e+02
3.048688335357268020e-01 9.257955077907616959e-01 6.617466019363850149e-01 2.460697174931076314e-01 1.684765253956895803e+00 1.310212166447809690e+00 1.070000000000000000e+02
1.588167951522415633e-01 3.275267946526806417e-01 8.306729535355198424e-01 -8.839948435323510822e-02 -6.373485924582714679e-01 7.417932680333744200e-01 2.990000000000000000e+02
3.329888479532473466e-01 5.969621840101658750e-01 5.369740957142583593e-01 -5.908726848983910651e-01 7.071256840850318470e-01 9.035035916191254124e-01 4.900000000000000000e+01
7.958316947855955670e-01 6.230025431229219146e-01 1.086690580642911685e-01 1.584338434003831786e+00 2.551328581717683952e-01 -3.842092404043709886e-01 7.250000000000000000e+02
2.909812229646817627e-01 1.867519284795708945e-01 6.298090793294403023e-01 -3.404972447914714762e-01 8.757993496790607013e-01 9.854051930577453211e-01 4.900000000000000000e+01
7.552352441520439053e-01 2.464141083718748293e-01 5.663746784657985867e-01 1.413996944521298982e+00 -5.059322482984774938e-01 5.691998742916939413e-01 1.560000000000000000e+02
8.418317009352153102e-01 9.512469300486495749e-01 4.473235594503777168e-01 7.411438985409232183e-01 1.144216141624165850e+00 -5.287014657579576227e-01 3.300000000000000000e+02
9.351195071191840125e-01 3.917485118566144120e-01 9.281311111207111164e-01 5.033674319792695862e-01 3.961886536571318507e-02 1.758549594582255127e+00 3.420000000000000000e+02
7.014451638072195516e-01 1.542042637457641252e-01 3.854512851923980188e-01 1.386834092593790535e+00 -9.712106439096884758e-02 -2.979794689691045440e-01 9.180000000000000000e+02
6.684740661558592478e-01 5.013204853947077488e-01 6.698560911839017695e-01 8.673920671395336512e-01 1.463372444310494069e+00 4.830737118464571989e-01 1.790000000000000000e+02
8.489565561193512799e-01 3.681793241152913065e-01 9.093329704896013777e-02 1.596401268815613284e+00 8.388690658700566072e-01 5.597377002591205075e-01 1.291000000000000000e+03
9.068100822332219035e-01 9.183727952080972257e-01 1.103051483188550730e-01 1.376313811430708078e+00 1.397169235382754948e+00 8.521408559696321827e-01 3.110000000000000000e+02
3.940117255142030483e-01 9.597332614187592537e-01 2.122022163980863407e-01 9.310993369397445596e-01 1.729705966861856847e+00 -1.322958685397592760e-01 3.850000000000000000e+02
9.657706276060928907e-02 2.797140126518719017e-01 7.061264606889023909e-01 9.068757594510319375e-01 5.859442134139457581e-01 1.205765416619104302e+00 1.630000000000000000e+02
8.770277436760398615e-03 2.480503802191993401e-01 8.075899347640757009e-01 4.158913066587683338e-01 6.879397984840455171e-01 1.608058402140416732e+00 3.800000000000000000e+02
7.329605043943276943e-01 6.342454138161379706e-02 8.646765156014142306e-01 3.999452863043077011e-01 8.942597449132366760e-02 1.807239399443493877e+00 1.449000000000000000e+03
2.846979831729548049e-01 3.883739735819360384e-01 4.277093681542265546e-01 6.375540937684993636e-01 1.157959481554874159e+00 9.599036100748055134e-01 3.750000000000000000e+02
6.835765452986878321e-01 3.552746196256275635e-01 5.207956985233701541e-01 7.005222466689375871e-01 8.486519343156302408e-01 1.390446012473955939e+00 1.070000000000000000e+02
9.966754826023016545e-02 6.245089109717638642e-02 6.555098607640141850e-03 -6.564759554602744851e-01 6.673482569707716028e-01 2.562472661669474849e-01 2.240000000000000000e+02
1.958569849857605405e-01 7.262410378971860814e-01 4.577231554072955788e-01 -4.654384223538030607e-01 1.471608497963645679e+00 5.420779638397477118e-01 9.310000000000000000e+02
3.281166944294110488e-01 7.331477315685219764e-02 9.186659109890051855e-01 9.058294327892040254e-01 6.725981467997381724e-01 3.644931671518236715e-01 7.470000000000000000e+02
2.837689341755692540e-01 8.199498089311914040e-01 7.217870235984429339e-01 1.032726950541820621e+00 6.778654135545891801e-01 1.368991716343477938e+00 2.350000000000000000e+02
6.897972155366955960e-01 3.228616759612439324e-01 1.543091594064714966e-01 1.120551680758095525e+00 -1.314751501550448509e-02 -6.832757104849186414e-01 2.290000000000000000e+02
7.832478546121846019e-02 5.615366353981376957e-02 9.057014553016221603e-01 -7.425417090654659047e-01 2.571108684941125766e-01 1.440298873870426100e+00 8.270000000000000000e+02
3.809627918814304515e-01 3.954882021197675401e-01 3.282064136172074820e-01 -3.791239305096926193e-01 6.216665620312780138e-01 9.373956485454514320e-01 6.250000000000000000e+02
7.208703092938506529e-02 4.660525355051462482e-01 3.349171908386756602e-01 2.907043568787979759e-01 1.223682501524248067e-01 -5.783667610603584475e-01 7.660000000000000000e+02
1.398500324603597633e-01 9.049200598530831030e-01 5.513388208099518906e-01 4.563699281852284240e-01 3.127703289325720615e-01 1.292401471185130823e+00 5.630000000000000000e+02
8.718727786651916389e-01 5.548791942677022693e-01 6.067673371985328190e-01 3.156440795311360459e-01 -2.684476739332450901e-01 4.938846442910006518e-01 3.940000000000000000e+02
8.054500456185588186e-01 6.082425430799652810e-01 9.005260340082026360e-01 1.798609825308970400e+00 4.973440922630419370e-01 8.639858422777371150e-01 1.919000000000000000e+03
2.531807108435113474e-01 2.509935772947213817e-02 2.332063759560831784e-01 2.676710174664499453e-01 -9.092385172853180153e-01 -1.228873846278668580e-01 6.910000000000000000e+02
8.361322300261977425e-01 9.048108905029550453e-02 9.389423304734286768e-01 9.543747557416426552e-01 -8.440275615492035532e-01 1.274668836825155083e+00 8.850000000000000000e+02
5.557264534710112391e-01 1.691673586984659972e-01 8.263305660263988717e-01 1.100588681865812823e+00 5.927556414643506688e-01 1.026606697531740053e-01 1.959000000000000000e+03
9.327502047360162196e-01 1.280896194792090492e-01 8.230555953592563201e-01 5.081959539473246412e-01 -4.494103260913806519e-01 1.257411031799967605e-01 9.000000000000000000e+01
4.316268579342597000e-02 6.001598876352368661e-01 6.013584666352109753e-01 -9.190890974259655621e-01 7.970477664684226804e-01 4.134577778135093418e-01 2.890000000000000000e+02
7.815642427617479626e-01 2.955522985795175916e-01 7.918482344765247483e-01 6.220570750662689496e-01 -7.181062188499165444e-02 -1.244497236798562945e-01 9.440000000000000000e+02
9.577650244925142164e-01 7.246594514580934066e-01 2.782743585491609384e-02 -2.405546565363991807e-02 6.655567397411865649e-01 -1.525482681544482189e-01 2.087000000000000000e+03
6.977882134455585250e-01 7.691309403411210610e-01 3.969083848338897935e-01 3.345551553030783887e-01 -6.109866955909759589e-02 -2.591609449221576877e-02 7.100000000000000000e+01
3.081319589825508576e-01 9.998891040374990880e-01 1.532480353982887955e-01 -2.626553098813488862e-02 1.939246662477969618e+00 2.293117987949508940e-01 2.102000000000000000e+03
8.783194694397439273e-01 8.754586589359784066e-01 4.929033525281684147e-01 1.750520991676397298e+00 8.902620719760805379e-01 9.818260085489637357e-01 1.653000000000000000e+03
1.005427966180727495e-01 3.963116010973699588e-01 5.119838163434925482e-01 1.074691047861290105e+00 6.149859541651786499e-01 5.686998802950481435e-01 6.780000000000000000e+02
2.979998805781833848e-01 4.874351630569888627e-01 3.902443715380888856e-01 1.277102064240481116e+00 2.858002654375254581e-01 4.167449754879694046e-01 2.090000000000000000e+02
5.879960236542014496e-02 7.031855070397793339e-01 6.534860606650310100e-01 6.147425432971487247e-01 9.343790544801200415e-01 1.451907622279026588e+00 1.176000000000000000e+03
2.423454643880059711e-01 8.856536961373355776e-01 9.412210262061182497e-01 6.977183249803560194e-01 8.927228484844421663e-01 1.831493784927305635e+00 1.138000000000000000e+03
1.905588810991758475e-01 9.553831291524365055e-01 2.546177670768241530e-01 -5.892391408531894026e-01 1.576652989676911254e+00 3.316814119625814961e-01 5.300000000000000000e+02
3.198523702645965638e-01 3.875922771787465582e-01 5.571334273957584404e-01 -5.708558926543999545e-01 3.662549206485351538e-01 1.030590859227720202e-01 5.074000000000000000e+03
4.814755997194640758e-01 7.572714834588151200e-01 9.680259799396592202e-01 5.164303981669952082e-01 1.428741862994437728e+00 1.708232499413636418e+00 6.100000000000000000e+02
9.305705467254244967e-01 1.554469147203413337e-01 7.474435133937351594e-01 1.350952338168138755e+00 -5.225553029887378687e-01 1.444574918269125874e-01 4.680000000000000000e+02
5.624295731354813643e-01 1.356533484318557248e-01 8.740528142807876266e-01 8.826541961988350060e-01 8.073919274277506497e-02 -7.169589773995233006e-02 4.130000000000000000e+02
4.519948984688769711e-01 6.743712467660033516e-01 2.914216652259354889e-01 1.004265097948693786e+00 3.175752529550556202e-01 -4.620332077206673604e-01 1.700000000000000000e+03
6.228826438787634645e-01 1.435009118496771707e-01 1.891195394917599693e-02 -3.412184742197947873e-01 4.017473970588132937e-01 -4.287628893114159290e-02 4.772000000000000000e+03
2.846127921112386883e-01 2.839558111141440300e-01 8.294946857530243189e-01 1.062190261822658632e+00 6.065422412353917991e-01 1.369227280376338785e+00 8.530000000000000000e+02
1.234861252179078051e-01 3.187229031582602401e-01 8.597827449253426790e-01 8.112134302020725940e-01 9.330508595532400751e-01 1.246606110262527434e+00 6.660000000000000000e+02
3.283741077621639137e-01 1.562884948150541353e-01 6.391859814082900826e-01 5.572500127179697005e-01 -7.856929727439008193e-01 3.936524095568256776e-01 5.500000000000000000e+01
1.443410827020553677e-01 9.165421823850398164e-01 8.501927645065942007e-01 -2.116725395557727540e-01 7.291793461593143455e-02 1.252128616780145975e+00 4.380000000000000000e+02
9.848806411573114428e-01 4.332656127933073309e-01 3.351821070507354783e-03 1.963529101412500033e+00 4.368210561830981331e-01 2.088622832432417420e-01 4.177000000000000000e+03
7.878001631292191886e-01 7.081614614543492170e-01 6.719109109880393449e-01 7.323221505088847172e-01 8.768477256942438514e-01 -3.121963668899806477e-01 1.697000000000000000e+03
5.630787982648840506e-01 5.534437698740574119e-01 5.709446717066679611e-01 4.421336973637560730e-01 8.241471488231104647e-01 1.525979730326811667e+00 1.006000000000000000e+03
6.938172334898776716e-01 8.934979621900918101e-02 1.592700246501645989e-01 1.123046491689958959e+00 -4.229875466329722222e-01 -5.845529993443734362e-01 4.628000000000000000e+03
2.213672374736034287e-01 1.222720645807645612e-01 4.583792637838444151e-01 -2.636899512305108106e-01 -4.670996433179616658e-02 1.316379612030309731e+00 1.340000000000000000e+02
4.651454119352280703e-01 3.393188952607684161e-01 6.378741474757598784e-01 2.079802339176419768e-01 -6.259748979987046491e-01 5.923333535661141624e-01 6.130000000000000000e+02
9.901621041001182899e-01 6.260512711728144497e-01 5.558466307189102729e-01 1.658642949093052099e+00 9.779137789469816155e-01 1.211076464823255261e+00 2.454000000000000000e+03
9.999435300008026051e-01 7.676684502158255263e-01 1.582875881615249947e-01 1.682795442031532751e+00 4.418872850130439733e-02 2.597289924491982260e-01 1.291000000000000000e+03
6.222639916966350437e-01 6.394640236130318955e-01 8.905396437102949259e-01 9.163627855677883849e-01 1.000532717814629713e+00 1.775488962886871303e+00 1.410000000000000000e+02
3.484199449209552935e-01 1.905168268853562052e-01 5.821564753449015583e-01 8.248531128307714511e-01 -6.662969829640679187e-01 7.793404801899492806e-01 2.996000000000000000e+03
9.742439181668103299e-01 2.134425532985488871e-01 1.530995296125050587e-01 1.959885559216361539e+00 1.895020124496228087e-01 -1.404533549859721120e-02 2.253000000000000000e+03
1.369368259583382264e-01 7.805151651447418404e-01 5.299466961131621412e-01 1.191873742886548349e-01 -1.794943689646116836e-01 8.093507966281109356e-01 8.730000000000000000e+03
4.689011333844759211e-01 2.650687943077709718e-01 3.040930244744148858e-01 1.114723656080214065e+00 -2.125972104505324811e-02 -4.036705310119921286e-01 6.736000000000000000e+03
9.859908644116899268e-03 1.530785236394260895e-01 4.351421038098930438e-01 -9.002153483070943207e-04 -1.478022817678008027e-01 1.388743152817897286e+00 5.916000000000000000e+03
4.636497060138092818e-01 2.845099612737120864e-01 2.935308170567063613e-02 -4.881458537195629832e-01 3.168567639284950999e-01 3.343758625431829667e-01 1.892000000000000000e+03
1.646386171080141958e-01 4.830481258595975547e-03 6.207968337293869876e-01 -4.609945041842516966e-02 -2.582085631750121735e-01 -3.206913117077587749e-01 1.087000000000000000e+03
7.241678347050590769e-01 1.220741930298013811e-01 8.451679604967047288e-01 -1.285824543033843304e-01 1.956541700944998130e-01 1.362278134029554888e+00 1.282600000000000000e+04
3.978080607144394154e-01 9.113883170142212942e-01 1.004765634705331312e-01 6.251554832649282023e-01 7.120257679726609279e-01 1.053664752391955339e+00 3.360000000000000000e+02
3.271304779282057096e-01 6.638799589282373681e-03 2.657172842692889780e-02 -1.340949580557658227e-01 -4.568751920779730025e-01 -7.300165854730962245e-01 1.147000000000000000e+03
1.668550596363125305e-01 4.608704703773266464e-01 9.806587749760566908e-01 7.056103743160637709e-01 1.291467983645446349e+00 8.397670369033876092e-01 7.590000000000000000e+02
2.131704659891672238e-01 2.911814316928591495e-01 9.272657230848135868e-01 1.183493305735011436e+00 1.810216706961145783e-01 7.120021318188933801e-01 9.553000000000000000e+03
2.384837077370379754e-01 5.090788625994124850e-02 9.522430136830287717e-01 9.188841049013554696e-02 -8.102945704405221106e-01 1.438905265556110535e+00 3.037000000000000000e+03
8.292676348104527362e-01 4.760344796349214036e-01 4.923138240692758183e-01 6.241963128959138185e-02 1.038988535314483652e+00 1.840495369875553289e-01 5.245000000000000000e+03
7.554779678091616546e-02 7.316582890292084862e-01 8.064004352669214004e-01 -2.168838794345557264e-01 1.036159971662921286e+00 -1.001107009134605264e-01 1.813000000000000000e+03
9.953954072768378403e-01 1.130596882449247387e-01 2.736028783590060964e-02 5.500398972728279823e-01 6.016679422231386853e-01 -7.229199557087561123e-01 2.616000000000000000e+03
8.754388668365351567e-01 3.297978124208267303e-02 1.972903432984850491e-01 1.134611984931214623e+00 -3.305760180922501790e-01 -6.975037534787879023e-01 4.587000000000000000e+03
7.890813329340818916e-01 1.726094358317959987e-01 2.099933881271098812e-01 5.224962279055624936e-01 5.317115814084434344e-01 -6.844215216430602489e-01 3.029000000000000000e+03
9.783451655689034965e-02 7.396235730528522012e-01 8.380398801223655214e-01 -3.592793925657208898e-01 9.767578262008973500e-01 1.695252934193851146e+00 1.404000000000000000e+03
5.153258161403287962e-01 1.024310333911515603e-02 5.144502839855852327e-01 -3.746229806741807611e-01 3.756980335371197799e-01 2.416246381192582726e-01 1.947300000000000000e+04
2.397853573263376559e-01 7.762151849960039485e-01 4.099460927019534795e-01 3.441078126263009684e-01 1.690996491629336962e+00 8.001921514320821105e-01 9.531000000000000000e+03
6.640106612454563795e-01 8.268819687434165733e-01 2.385785230591832562e-01 5.315756505235565976e-01 1.608568009820267264e+00 8.480273733499115174e-01 1.159300000000000000e+04
9.757695214078526691e-01 7.561838241575307151e-01 1.224193463248522962e-01 8.989344063466584434e-01 6.237023202171556591e-01 -8.657835762610047725e-01 2.407200000000000000e+04
8.509016733806697985e-01 3.257446125034643147e-01 8.324099354693613728e-01 1.677334444176941997e+00 6.504691798248634083e-01 1.292369532316656411e+00 6.651000000000000000e+03
7.178348535008420850e-01 4.404931316966799182e-01 8.988377708517580889e-02 1.286023970974534025e+00 3.176556440142269677e-01 -7.237943401112559849e-01 5.126000000000000000e+03
9.513900847868485000e-01 5.515641871992404965e-02 3.375062976564080497e-02 4.356479605952005008e-01 -4.971122358017814047e-02 -8.165509866815493512e-01 1.617000000000000000e+03
8.981376213423168942e-01 5.362144202202460130e-01 8.207093379297358826e-01 9.779362596686709264e-01 8.046439049403382171e-01 1.780697769659079999e+00 7.020000000000000000e+03
1.605835760554398250e-01 3.181121424506021533e-01 8.970514477205763226e-01 1.503328228721906856e-01 1.240475303752275327e+00 1.283239382193883671e+00 8.440000000000000000e+03
9.191407460641937144e-01 9.518247513624888967e-01 5.845050695667808327e-01 1.834092263160182590e+00 9.278489010435010398e-01 1.816541294347888691e-01 2.014400000000000000e+04
1.048900692422192193e-01 1.371041235953598392e-01 5.792238999995703574e-01 -7.964196692894123242e-01 3.346132613399788180e-01 9.647506769365546964e-01 3.609000000000000000e+03
9.493771709983627183e-01 9.191503100085852695e-01 5.879477902704768333e-01 1.258608406507702338e+00 9.482914425089293831e-01 -3.625924968199571996e-01 1.992300000000000000e+04
1.199784027194737979e-01 7.639780119030294969e-01 1.114568572949805603e-01 -5.199815020508737895e-01 1.218746346987986673e-02 -4.748430028514905032e-02 1.253600000000000000e+04
4.564085748259114617e-01 4.620388118762864815e-01 5.747675082560516069e-01 1.997763650629702514e-01 8.388263107266722418e-01 1.464807445350034154e+00 7.588000000000000000e+03
2.884860575271509520e-01 7.746746454058961451e-02 1.976071698055565928e-01 3.300222691481312642e-01 -9.127519494796257904e-01 3.307997192279561460e-01 5.037000000000000000e+03
5.564553865057098037e-01 9.277278565034715596e-01 7.010721994700073179e-01 6.668450833127987920e-01 8.453958721214579475e-01 1.691544591405572007e+00 5.177000000000000000e+03
7.845908274560473572e-01 3.222287597752906407e-01 3.404759210023523552e-01 1.624493609546731498e+00 2.795437829594245027e-01 8.815316569395640345e-01 7.490000000000000000e+02
1.259345139144497638e-01 4.602235740804280217e-01 4.076658370960056788e-01 5.565680625178539565e-01 -6.740825586187293439e-02 -3.245632246387620823e-01 2.832400000000000000e+04
8.905926187562795970e-01 4.124361150539506138e-01 9.462276650623645535e-01 1.565995309042864880e+00 7.603492017359567701e-01 1.596448927456206590e+00 2.450000000000000000e+02
3.604226485213198883e-01 8.940890006639243826e-01 4.102177317931884337e-01 -1.367893324360278107e-01 1.063816251801448232e+00 1.261083706088653056e+00 6.496300000000000000e+04
7.189157907610078668e-01 6.067177250601674121e-01 1.441523069512503641e-01 1.411763373920468245e-01 -7.760176717166300531e-02 5.890387605239612023e-01 1.649500000000000000e+04
2.344015352231861860e-01 4.678076694005696146e-01 3.024649236970456956e-01 8.897852975242170892e-01 8.493476018543737460e-01 -3.493781586895762237e-01 6.591000000000000000e+04
8.391303267185130643e-01 7.298430848919437164e-01 7.068425785318238619e-01 8.531779405347783563e-01 8.221750602453941070e-01 1.702471761949726048e+00 6.033000000000000000e+03
5.256375088989376776e-01 2.047366829341282779e-01 3.252413031163985391e-01 -2.579108236065701387e-01 -3.977107406944793144e-01 4.772581192621496715e-01 5.756000000000000000e+03
7.055779320900356089e-01 3.762010335079465362e-01 1.672633797059375205e-01 3.322159351006653827e-01 1.302194443382505229e+00 2.232725224684999343e-01 1.170250000000000000e+05
3.670264776851940303e-01 6.367772515081636664e-01 1.238991191351334065e-01 -2.853130039434250698e-01 5.989904322398460490e-01 -6.330852644541767882e-01 3.362900000000000000e+04
8.215953224323020443e-01 7.483029594116363814e-01 9.930858779978550821e-01 8.009280055580232371e-01 8.496575282908356286e-01 1.987721546662783778e+00 4.310000000000000000e+02
5.574921752491998062e-01 4.202375301688077158e-02 7.199977681016076492e-01 5.419707493807677245e-01 7.046999072874455816e-01 1.468742985048056893e+00 6.805300000000000000e+04
8.562908460364102581e-01 7.218788820079546920e-02 5.746856634105732553e-01 6.543472101633779348e-01 2.773048767353990529e-01 1.532362951929453931e+00 5.425900000000000000e+04
1.468739015544560100e-01 9.516169388092686754e-01 6.325156128602212879e-01 -1.889635177115742137e-02 2.106748012044579177e-03 3.661500357212427170e-01 5.811800000000000000e+04
6.949086022856529876e-01 1.473495868546885745e-01 8.113076889200598885e-03 4.604246491581148737e-01 -3.029478512492023712e-01 -8.534259489028728218e-01 5.846000000000000000e+04
8.038364052199866716e-01 3.288212002367333353e-01 2.456803997142122942e-01 1.788469930238041572e+00 5.011290079585488666e-01 2.740853430977374661e-01 4.206600000000000000e+04
1.714239450863040970e-01 2.771683229549711802e-01 6.662118840855325574e-01 -5.601474262778396995e-02 -5.108555180609213320e-01 9.411917366050637224e-02 7.330000000000000000e+03
9.044385851243235130e-01 1.860412881377204730e-01 4.795203179787719261e-01 1.554565527647178147e+00 5.550115257509100619e-01 1.143746124735443459e+00 3.731000000000000000e+03
1.640996475234972607e-01 8.740540869405903912e-01 1.799826325551301398e-01 2.946148045010896777e-01 1.415650778496849060e+00 1.010427584068732454e+00 6.706200000000000000e+04
9.462607753952145817e-02 5.644434690535696797e-01 3.313173505410944575e-01 -8.447655826051738703e-01 2.257176740895724953e-01 3.843092808380865755e-01 3.674400000000000000e+04
7.423440377057261008e-01 7.768406159339392714e-01 6.798189838441585087e-01 9.381116823498606427e-01 1.003304217185918557e-02 6.852431338513997883e-02 2.750300000000000000e+04
8.523813696873756562e-01 5.877075378913654280e-02 8.109076790377889310e-01 6.004974938705065490e-01 1.040181453068296791e-01 1.777606798032068669e+00 8.818000000000000000e+03
1.405253660088099377e-01 8.714947565845266864e-01 9.625083811080776819e-01 -2.549026554757927721e-01 1.095683730957540236e+00 1.853224937367333958e+00 4.821000000000000000e+04
2.490844335847381963e-01 4.576694306152785385e-01 6.276430000165778011e-01 1.636529139788835407e-01 -3.338694942158265677e-01 1.232760828158380839e+00 7.382000000000000000e+03
9.092785681663761999e-02 2.084235986206557367e-01 5.218694421939404915e-01 -6.663233703366699956e-01 -1.553721244557295100e-01 -2.055405549595468173e-02 1.137000000000000000e+04
6.592807876231884245e-01 8.052001617404950240e-01 9.370916922620775580e-02 3.023295026555192777e-01 1.620145922932581639e+00 -3.628531884807986163e-01 1.037580000000000000e+05
1.839607093724795472e-01 5.276203050490946289e-01 8.460698702234462631e-01 -8.137506131921923291e-01 4.869013759217217796e-01 9.000521417296868387e-01 1.897250000000000000e+05
6.236391711052434728e-01 1.666915639702464258e-01 9.256512995257748511e-01 1.578470880412581101e+00 3.785857792408415801e-01 1.133971362016372497e+00 6.702000000000000000e+03
4.160826377226815032e-01 1.304030880034395823e-01 2.946661281436465663e-01 -2.000920137062971449e-01 4.448633226619244652e-02 -4.882432599849942934e-01 8.802000000000000000e+03
2.393801706819049802e-01 1.489650172323676580e-01 2.429917799143475055e-01 3.157739319998996153e-01 -7.950286644998315611e-01 -7.800654108029037026e-02 8.406000000000000000e+03
5.953278054524597795e-01 3.843570669749362123e-01 4.338199194927391256e-01 -3.123405121871940526e-01 1.314874966812390467e-01 7.687754472463225186e-01 5.610000000000000000e+02
6.512891228080344153e-01 4.555989355880523117e-01 8.945597690646762690e-01 5.198575852275593157e-01 1.172090091525531896e+00 1.579662808316879996e+00 8.648200000000000000e+04
7.896742532415713667e-01 1.182990456839011495e-01 4.699850009335230228e-01 1.493769262826337485e+00 -4.284795813700129630e-01 9.230670580433414374e-01 6.380200000000000000e+04
7.723247661117177421e-01 6.328459532936012710e-01 9.768124841198437824e-01 6.441918360706849755e-01 6.256215943359350051e-01 -1.491820557204559528e-02 5.273800000000000000e+04
1.951709593766057793e-01 2.136381856128745094e-01 2.890571287777232712e-02 -1.595957386586191462e-01 6.756905465837663716e-01 8.417083984579862843e-01 2.614100000000000000e+04
2.406068238769587531e-01 8.190519901784543144e-01 3.879935863521878359e-01 1.010878023595634390e-01 1.737533175655333828e+00 1.795743330790167125e-02 4.930400000000000000e+04
9.282992708783014413e-01 3.109847092380787492e-01 7.172319610039717963e-01 1.123989744840667715e+00 1.289967095319050738e+00 7.746664989022714609e-01 3.208700000000000000e+04
9.207734039259399816e-01 4.792503783318123878e-01 9.777105971515075433e-01 1.790406832880375276e+00 8.013176923960795284e-01 1.351890158934857755e+00 1.282310000000000000e+05
6.660199444058468865e-01 2.596482320531028343e-01 2.920762955895988000e-01 -1.338197636875374519e-01 -3.088712245362394970e-01 4.845394578738357882e-01 2.250500000000000000e+04
9.154477408731798160e-02 5.670316215936688220e-01 9.916256551763689142e-01 -2.335819223824255331e-01 7.184421423102580473e-01 1.925096321806554212e+00 4.761620000000000000e+05
7.788923660339348576e-01 2.354619673671691782e-01 2.904147812015502872e-01 1.234971956547929572e+00 6.245651209637990142e-01 -5.099539731721722813e-01 1.900480000000000000e+05
2.183480450441526166e-01 8.477753171876378779e-01 1.063787223989665076e-01 1.009557752483304149e+00 7.333058162226471222e-01 -4.943574361622429247e-01 6.253300000000000000e+04
7.739093004170168877e-01 1.941587186840676438e-02 8.498479035952489768e-01 5.883892575621899601e-01 -6.926627400022562775e-02 1.828478472657588227e+00 7.351700000000000000e+04
3.042362359962357266e-01 8.416447050965273347e-01 9.642755494952756079e-01 -1.961745728416675050e-01 1.162110193665587543e+00 1.768570826762517090e+00 9.872200000000000000e+04
3.465258679254487051e-01 7.657940106956661053e-01 1.631427408080111663e-01 9.080032118596315094e-02 1.729003455117231747e+00 2.457987201554846513e-01 3.933800000000000000e+04
9.337366103434853182e-01 2.768034011292008767e-01 6.672223837414288372e-01 9.219154075783458913e-01 -3.141498574566768953e-01 -1.393967986066715348e-01 1.469680000000000000e+05
8.176492326370488062e-02 2.535821110091652786e-01 5.626759583368108331e-01 -7.820215029155067610e-01 3.265007385346378466e-01 6.412216614548982285e-02 3.324540000000000000e+05
2.758148722403876985e-01 2.371864935085923332e-01 3.568413455181769223e-01 4.661820722891250601e-01 -7.154927962579734624e-01 1.198550590046409958e-01 7.956900000000000000e+04
5.692529111908438688e-01 2.487002174416823586e-01 3.599589662071492890e-01 4.111445771273505301e-01 4.407184590938247881e-01 -6.086125332560995416e-01 3.416400000000000000e+04
7.322304787652454960e-01 4.103191411501017072e-02 6.733629129774886257e-01 5.331767331741184002e-01 -1.749086123178602292e-01 1.629264213013239093e+00 1.719860000000000000e+05
3.398763504186430584e-01 4.788348690764213655e-01 4.326434688875502310e-02 5.358339385179908820e-01 -3.840622237264890160e-01 -4.225781489170394867e-01 1.026930000000000000e+05
7.554101975791926993e-02 8.253444102006061156e-01 5.968614682112312053e-01 9.763065309870662123e-01 6.252794474568625915e-01 9.823423425259474318e-01 1.562810000000000000e+05
6.696302602813277716e-01 4.885706081379360688e-01 6.033367459183731629e-01 1.629152303424811876e+00 4.374750416059350888e-01 8.802964754866400288e-01 1.019010000000000000e+05
8.361042082462919467e-01 6.747146613540493387e-01 9.622882290334007216e-01 4.090715194902053709e-01 3.156089176534187524e-01 1.792159392271986951e+00 5.767000000000000000e+03
1.876581100777866551e-01 6.262375416566516861e-01 9.888564081453931065e-01 8.087854879059370727e-01 1.396113626103306027e+00 8.422562883998275796e-01 4.366930000000000000e+05
4.916391027186706175e-01 4.785286005347211269e-02 5.498358751271914535e-02 8.898135141508840551e-01 -3.252960075785704674e-01 -7.830003387445418905e-01 4.669500000000000000e+04
8.778397811553170227e-01 4.994934138586735184e-01 1.430202143779492063e-01 6.001352965228248237e-01 9.708631187474925373e-01 -6.940525545782686434e-01 3.616400000000000000e+04
9.779954942115735017e-01 9.125894529947932154e-01 1.553097213257995657e-01 9.886655178558477752e-01 1.860580869726540465e+00 4.734267192972460014e-01 3.692670000000000000e+05
6.066818554376229855e-02 5.757010882240113370e-01 9.463367467178962489e-01 -2.546163683497768004e-01 1.099747708392150081e+00 1.737519905010906474e+00 1.675290000000000000e+05
4.205440086780177777e-01 5.818548242196152076e-01 5.635669330610818539e-01 5.435261604298677884e-01 1.030754571426931721e-01 -3.057119105857118990e-01 4.131600000000000000e+04
5.556347955047994391e-01 9.999266270251263578e-01 2.002496890813121322e-02 5.982083635851958014e-01 8.153917227592999417e-02 -3.733603056767172967e-01 7.621790000000000000e+05
9.431861757019680548e-01 2.395883922437138658e-01 2.082687106804473887e-01 1.618306375562048594e+00 1.876101776104341923e-01 -5.276055862918150874e-01 1.998211000000000000e+06
6.295037425363588790e-01 6.475468336068812558e-02 9.367791259141765581e-01 3.301602776271483908e-02 -5.434674194862310070e-01 4.130728344371811245e-01 5.696900000000000000e+05
3.697196765784993566e-02 8.770432685824566255e-01 9.890177239825168609e-01 -1.589875733497028154e-01 6.874002452629377480e-01 2.691825823360494141e-02 1.760750000000000000e+05
2.452286116754515133e-01 7.982248443060657728e-02 7.738165276585419194e-01 2.938299089140409825e-01 -8.945402299153520920e-01 5.541458313900088362e-01 3.354040000000000000e+05
1.981921702048504708e-01 2.853466174163864499e-01 4.700309145256238441e-01 -6.600914690794439377e-01 7.671644888770656756e-01 2.933936215266434999e-01 7.025050000000000000e+05
9.781147997632247959e-01 1.261724771305612336e-01 8.879340923777483408e-01 1.943926173053275086e+00 1.972176805210896777e-01 6.386130738117519190e-01 2.051530000000000000e+05
6.338454554873739211e-01 8.291023830671362393e-02 9.491199224932578282e-03 6.746972398557471440e-01 2.511352027952070687e-01 -9.754105689919617683e-01 1.746770000000000000e+05
4.794273794568432168e-01 4.677249779065999480e-01 3.150387215766269344e-01 -1.816943230594564307e-01 1.216427796001538830e+00 3.636410326188644904e-01 4.427400000000000000e+04
5.018506933619745203e-01 8.840689551645279920e-01 6.037358709598886763e-01 1.726248211761610696e-01 1.828247817820771726e+00 5.920482537239973864e-01 9.903300000000000000e+04
4.110079260642796051e-02 2.324570639991986321e-01 2.094329661225778905e-01 -1.834228858826084385e-01 -6.985109280729144832e-01 -7.846930120953243826e-02 4.801090000000000000e+05
5.142980941797478112e-01 2.139148800010778340e-01 1.166118800522411014e-01 3.785137235501762065e-02 -5.307269133083457602e-01 -3.508355725233331945e-01 7.223020000000000000e+05
2.634209463939224394e-01 4.025620253734678577e-01 1.243463280200545196e-01 5.162584495758313352e-01 1.306062330576251540e+00 4.704104773958821539e-01 4.623070000000000000e+05
3.336980592127876122e-01 3.867680358391643036e-01 7.553239506948806747e-01 4.556679594741809280e-01 8.749766971386581105e-01 -1.088378665953660951e-01 2.345070000000000000e+05
3.068761229192767948e-01 9.633403816688351773e-01 4.654488635199366398e-01 1.118054977833590424e+00 1.116619758579790789e+00 -9.890412703977669029e-02 2.747680000000000000e+05
2.424193414758097909e-01 3.298596131487510075e-01 8.571819758204340944e-01 -6.870865937790622269e-01 5.904302234112327463e-01 5.961806857979449203e-01 1.380020000000000000e+05
7.095108089118199457e-01 5.190634265554768811e-01 2.617766330028582500e-01 1.667590477981091279e-01 1.853261582910353811e-01 1.032516512326196345e+00 6.027850000000000000e+05
1.774624539860388817e-01 1.410047076748410788e-03 1.934176705529365714e-01 1.847764769643859273e-01 4.336276353898835256e-01 1.095157356615743538e+00 4.713800000000000000e+05
9.399865488076050157e-01 9.370793198652211942e-01 4.497000927231202816e-01 1.499850219884782287e+00 1.066344885451707469e+00 -3.687393267586103196e-01 4.253290000000000000e+05
6.920249412790047128e-02 4.421196401417006872e-01 5.574555284885047701e-01 -8.697835196289435133e-01 1.506945440960693605e-01 7.401483837506261931e-01 2.468969000000000000e+06
5.341524705296762932e-02 7.002648993217530649e-02 1.371579457435967431e-02 -9.152046029702218255e-02 -4.567250523831200004e-01 -8.238559655772202950e-01 1.298790000000000000e+05
6.483056095235387728e-01 7.408355409233094990e-01 3.925508655577836237e-04 5.887550011927766835e-01 8.209913983174124130e-01 -9.946093403752842566e-01 1.592800000000000000e+05
3.919331757734242361e-01 2.096734981571296563e-01 2.237599738987825493e-01 2.202662146596423565e-02 5.183258970362927265e-01 1.100060628780724414e+00 7.028700000000000000e+04
8.041624766048091066e-01 3.712730138997935025e-01 7.202416411381081796e-01 1.296953764003288212e+00 9.473508456432696567e-01 6.809819155214114073e-02 7.032680000000000000e+05
9.027513924761909614e-02 8.115077684682799886e-01 1.270172768613909708e-01 -2.788924188158714013e-01 7.982533867749082024e-01 1.056285610250281337e+00 4.066810000000000000e+05
8.177499913124375297e-01 6.208415239419414755e-01 1.359407592558006250e-01 1.026505237105658885e+00 9.765384876832056138e-01 -7.750482183608649045e-01 9.464600000000000000e+04
7.848060870637085795e-02 6.814708844855397185e-01 1.324051751707776559e-01 -9.038537101529712237e-01 7.088173596339175653e-01 3.175306901278244220e-01 1.203025000000000000e+06
4.061754083936677251e-01 8.686680170583191973e-01 2.264732856112531278e-01 -6.911599074131341558e-02 4.813772649402794923e-01 -5.635292202279088558e-01 1.070961000000000000e+06
4.508008173360440463e-01 8.936192150153252634e-01 4.629396920711089658e-01 1.530121942099073040e-01 1.816595227395468193e+00 7.067371828446805671e-01 1.443998000000000000e+06
8.625966334104981925e-01 6.577175474092235019e-01 8.397273401116772673e-01 8.813820270696999248e-01 -1.810953969363884308e-01 2.956318031116810241e-01 2.477655000000000000e+06
3.927336028426653414e-01 9.185189474933359577e-01 2.002819593985859514e-01 -1.009240828883425367e-01 1.749750539455125153e+00 4.559304091168950857e-01 1.539448000000000000e+06
2.645641762196271340e-01 2.338648159668228477e-01 3.809976461241474377e-01 -2.234030759957106871e-01 2.023811684327719296e-01 1.253291599274898527e+00 8.608870000000000000e+05
1.568467498185123210e-01 4.776780480374653859e-02 9.417117047249634609e-02 -2.305265754381655152e-02 -4.363359871498221909e-01 -7.621463651688442642e-01 1.123506000000000000e+06
8.634063024131652941e-01 5.770783479865225774e-01 4.808595553032946057e-01 1.810185982944190641e+00 8.900296454700531434e-01 4.055619993207524310e-01 9.609220000000000000e+05
6.066685970097072111e-01 4.057152607302223490e-01 6.972675000073880192e-01 9.343249521924250622e-01 1.289584536171191509e+00 3.634765222386158179e-01 2.494530000000000000e+05
3.885611407007794060e-02 2.691684205969691046e-01 6.724901555690095956e-01 6.678972436474535090e-01 -4.908724295649888880e-01 5.092566927462557347e-01 1.850600000000000000e+06
