8.829067481815668916e-01 7.173852844346362279e-02 1.937603802936405106e-02 1.342525590617334785e+00 -2.373212174100624572e-01 -8.132298670487579928e-01 1.000000000000000000e+00
7.946839020682462396e-01 2.780893183421417891e-01 2.786254693016277928e-01 2.672784552917187861e-01 4.995651910417078234e-01 -5.416134791288994554e-01 1.000000000000000000e+00
3.372347532767786538e-01 5.950308892534773575e-01 2.762109279096806036e-01 6.697262225749117670e-01 2.396519270381282096e-01 1.149798482799692767e+00 1.000000000000000000e+00
8.849894176502213217e-01 6.389389300294537888e-01 2.085950390941768706e-01 1.931049068239503175e-01 5.145440337309190593e-01 -5.026164157162532620e-01 1.000000000000000000e+00
2.214926060178930012e-01 8.568073301951085741e-01 8.399460423712418189e-01 -8.749988292253807476e-02 1.217598150002084267e+00 -4.002760843962638315e-02 1.000000000000000000e+00
6.420254582709926661e-01 2.537331239781195347e-01 7.373198473859604585e-01 7.522365967900633832e-01 6.195854557459096190e-01 1.661444068628105342e+00 1.000000000000000000e+00
4.890097176772407739e-01 4.728190016940914120e-02 4.485235464209923473e-01 8.598244431065489302e-01 -6.217227694632221358e-02 -4.737108177818954990e-01 1.000000000000000000e+00
5.901090744405325106e-01 1.140033746779631763e-01 2.400340473959241550e-01 3.142572140390958446e-01 5.055752729205723606e-01 -6.377912197385700033e-01 1.000000000000000000e+00
2.135063342019317689e-01 7.086480261894122501e-01 7.199104264882633109e-01 4.169676687467946952e-01 1.595229554973211172e+00 3.044869339356566229e-01 1.000000000000000000e+00
1.434743903608506344e-01 1.745409329241185414e-01 1.498966573386428802e-01 -1.816721486165783217e-01 -6.009010312515518093e-01 6.911632167956055506e-01 1.000000000000000000e+00
6.692560506782533336e-01 8.296310571162143210e-01 7.919713348044433721e-01 2.394229842444298706e-01 6.846613071253495608e-01 1.683165649523563623e+00 1.000000000000000000e+00
1.892208323108186541e-01 3.794665957851477422e-01 1.230572342917558570e-01 8.418468163281476180e-01 1.999877887409433341e-01 8.591731781534565071e-01 1.000000000000000000e+00
4.845254182706626445e-01 5.140052366048918353e-01 9.457618293590356329e-01 -9.495360246762740708e-02 1.039306554731252552e+00 3.226546237363591141e-01 1.000000000000000000e+00
5.809252537241049730e-02 7.941299316876818670e-01 2.493536914130461968e-01 -3.504138478018786751e-02 5.879230005351021582e-01 1.223419796112477309e+00 1.000000000000000000e+00
3.833148602092562029e-01 6.530434170246453007e-01 7.720288491787030694e-01 -1.932477149995803778e-01 -5.202477393700488673e-02 3.591675613802217115e-01 1.000000000000000000e+00
2.894399020609013107e-01 2.387449515015146462e-01 6.167740862386911216e-01 6.184793052121653201e-01 -5.851433393879614808e-01 1.078229561132074465e+00 1.000000000000000000e+00
2.734599676471922702e-01 3.846214829619643005e-02 1.916712324128644340e-01 1.794073334587888979e-01 4.477142243015104772e-01 1.099232161655393725e+00 2.000000000000000000e+00
6.400168768496407035e-01 9.209931661832631011e-01 7.732236646327316221e-01 3.478507075358787115e-01 1.843969963466530748e+00 1.023728676928381542e+00 1.000000000000000000e+00
7.379583700995794304e-01 6.172075295301071574e-02 5.512904337243296204e-01 2.529328412267006776e-02 -6.089728864447842005e-01 7.569078388749272968e-01 3.000000000000000000e+00
5.786211550983145768e-01 4.969291891324907340e-01 9.811844276943418874e-01 1.310873510159700661e+00 9.670972380258717749e-01 4.884892944660491620e-01 1.000000000000000000e+00
9.144504288526452696e-01 6.759378709387801054e-01 1.462442645793631257e-01 9.674380579663934832e-01 1.091121672517173513e+00 -7.619488437780044254e-01 5.000000000000000000e+00
4.393227827049570600e-01 3.278554953522681004e-01 1.584808601262959193e-01 1.241774363536493953e+00 -2.467282536652357638e-01 3.194932068142362636e-01 2.000000000000000000e+00
3.582126776179738181e-01 5.792072827580045935e-01 2.241410181423919568e-01 1.206299878099955925e-01 1.473586464464061718e+00 6.031401538068541512e-01 3.000000000000000000e+00
8.949693229070695422e-01 9.685514283118422663e-01 4.612162111221334015e-01 7.456635521932677424e-01 6.089299672109634853e-01 1.382291773466085116e+00 3.000000000000000000e+00
2.499974405684125545e-01 4.616992990056798529e-01 2.088402519463717910e-01 -4.095699912475121440e-01 1.113225241194975901e+00 5.836532046869296053e-01 3.000000000000000000e+00
1.617953011619045478e-01 8.151107748240450368e-01 6.631702902588257897e-01 -3.784654761721307770e-01 7.825048338771067868e-02 1.069563207739906208e+00 1.000000000000000000e+00
7.198858925424150845e-01 9.242777778844486480e-01 7.869530767969944440e-01 6.990232241037752647e-01 9.453711192376911265e-01 -2.126067363288509648e-01 4.000000000000000000e+00
7.141324338557627494e-01 3.845843682518175211e-01 5.843076786553924595e-02 8.479768015403803538e-01 1.946754201648142335e-01 -9.142049690244810067e-01 2.000000000000000000e+00
9.611284395218657739e-01 1.352451118157270704e-01 9.677082834016339508e-01 8.112861429303818150e-01 2.820501958909351070e-01 -1.004196765528131419e-02 4.000000000000000000e+00
4.354067405417290093e-01 9.571473413149593767e-01 1.685739485386270609e-01 5.554116367307576629e-01 8.827730171103274071e-01 1.158557425567291688e+00 2.000000000000000000e+00
2.347342637011954336e-01 4.263901830927473435e-01 3.151016963607509158e-01 -2.680349720693105953e-01 2.102955462540217757e-01 1.152076130553504996e+00 5.000000000000000000e+00
4.738850886009441377e-01 9.718800331459334085e-01 9.971341473819241852e-01 -1.494591468513497556e-01 1.298566820582524928e+00 2.866992756007351595e-01 6.000000000000000000e+00
1.529988070931919131e-01 5.971930462085184299e-02 8.206483608355438220e-01 4.660962325375648252e-01 -4.948223656508952129e-01 4.964022980687143871e-02 1.000000000000000000e+00
2.311902470356486106e-01 9.686532393983937617e-02 5.700113220843874284e-01 4.724700571176013719e-01 -4.183124332254343214e-01 -2.524094532909523236e-01 4.000000000000000000e+00
7.045021870492890192e-01 4.265371213899156189e-01 5.046546436718736262e-01 3.358664409400269335e-02 -3.821144569427642468e-02 1.082479101110465969e+00 2.000000000000000000e+00
3.945467764832862878e-01 6.445957031280318272e-01 1.702543093433519505e-01 1.108376815707550866e+00 6.764839053931042123e-01 -5.293382990062408533e-01 5.000000000000000000e+00
9.051821218043737405e-01 8.940762026627571135e-01 7.396927602553564629e-01 1.477212996612317975e+00 1.440314377070115448e+00 1.278067127868963704e-01 2.000000000000000000e+00
4.148448297638571702e-01 4.917690723601987335e-01 9.684419468423991484e-01 1.255420599097575085e+00 5.882011627791993158e-01 1.501483434858529087e+00 1.000000000000000000e+00
8.011728774481993165e-01 9.118621661672108303e-01 8.937527003533517478e-01 1.650421727222131540e+00 1.421685136195053545e+00 1.031073239201851788e+00 3.000000000000000000e+00
7.497640217654599759e-02 2.107157408887614380e-01 8.795352256789936707e-01 -2.062299361052744584e-01 7.463360589834793224e-01 1.675797663669285509e+00 1.000000000000000000e+00
9.876916222967729864e-01 8.401963981895276268e-01 3.387784972650661475e-01 1.082336667182425050e+00 1.833632566129252073e+00 2.745375780014992495e-01 3.000000000000000000e+00
2.942726348799769021e-01 3.709488699287777358e-03 7.890166891221930268e-01 2.548093547708424333e-01 6.808407270320068205e-01 1.523820020359216265e+00 4.000000000000000000e+00
2.636390865493372093e-01 1.731432481184612682e-01 2.857273977743034488e-01 1.263472937738046920e+00 1.857001764511670983e-01 2.725140118342730955e-01 1.000000000000000000e+00
5.387156698415433986e-01 5.398326331749171425e-01 1.361548003042432065e-01 3.213395577473565079e-01 6.813037304144676787e-01 1.101936118479663884e+00 2.000000000000000000e+00
4.570243418877069086e-01 6.238674127415262394e-01 9.036084575170667543e-01 1.037563288595460431e+00 -1.781337482862633825e-01 7.630073584263075137e-01 1.100000000000000000e+01
2.997718056976925727e-01 7.892238909314779338e-01 8.716459539856296068e-01 -4.782711821125273932e-01 2.139855279153632939e-01 6.191584595747445796e-01 2.000000000000000000e+00
8.825437081426579233e-01 8.917730753667040267e-01 9.101904128422151352e-01 2.027867034850113770e-01 8.271326205078017857e-01 1.796070663207531837e-01 6.000000000000000000e+00
1.367510191652052676e-01 4.879771433409202386e-01 9.704909149222707976e-01 6.731058577742964344e-01 -5.959386163748536802e-02 3.282374745986281761e-01 1.000000000000000000e+00
8.937116316901581037e-01 7.512771346168110043e-01 7.098357562309691726e-01 1.712779629063348574e+00 1.217457574098792072e+00 3.754655818381886778e-01 6.000000000000000000e+00
9.393196809233033129e-01 6.442871592301281369e-01 9.739931509565246115e-01 3.365309601143093854e-01 1.053675006958388671e+00 1.658863465832180140e+00 4.000000000000000000e+00
6.145681999047858390e-03 7.976911080172010005e-01 2.540749033541634949e-01 -9.976885920594298629e-02 3.769656120383417797e-01 -6.469090959458679846e-01 1.000000000000000000e+00
2.704348568110881423e-01 5.049697852160794920e-01 5.023350063213316563e-01 -2.999614290652740101e-01 1.372738533772939751e-01 -2.321360814470423417e-01 5.000000000000000000e+00
8.470953541076035043e-01 9.262936123501964714e-01 2.039199573686533151e-01 1.606834668530944032e+00 9.555720924658112070e-01 -4.456483182742323468e-01 8.000000000000000000e+00
7.409551239582737869e-01 7.733134259119841536e-01 3.121313515702650587e-02 1.565641621697376307e+00 1.157122999557425924e+00 4.466435043224469825e-01 2.600000000000000000e+01
7.820876702316946760e-01 6.774723585973307927e-01 4.408743899101270625e-01 9.497619984115694969e-01 3.600321210621628687e-01 1.374210886176636448e+00 3.000000000000000000e+00
1.599625879906778625e-01 7.676698855527395171e-01 5.474708365547421574e-01 5.805182527293824002e-01 6.694453455045884516e-01 -3.544631258773837112e-01 1.000000000000000000e+00
3.586723292474633951e-01 1.045079053100844702e-01 6.166795747737636724e-01 3.605661538133541621e-01 1.220589362066185068e-01 -3.831646004570482544e-01 6.000000000000000000e+00
7.811584118266569066e-01 4.909450976579623482e-01 5.826650896960965387e-01 -2.246708399084906826e-02 3.945936370608398303e-01 -4.618877829723810891e-03 1.000000000000000000e+00
8.065587926202880675e-01 7.083548949041743592e-01 5.342986333736384763e-01 1.104580013189444987e+00 5.144660543560058974e-01 -4.003619839636690658e-01 5.000000000000000000e+00
5.550942830057996602e-01 4.727572367161203548e-02 6.131019760369268434e-01 5.422776010422566406e-01 -7.279277586344571338e-01 -1.847960514161683943e-02 3.000000000000000000e+00
9.328754052457916002e-01 5.874101483336048313e-01 3.527428686754457976e-01 8.177546268560702547e-01 1.228416467078330854e+00 1.111596020287982434e+00 8.000000000000000000e+00
1.586407483792716677e-01 2.111450972086957867e-01 1.365004314497177962e-01 -3.635818828446307771e-02 3.176686600373563318e-01 -8.385011815039742356e-01 3.000000000000000000e+00
7.519390446921514481e-03 2.828007109840211530e-01 8.477376245540034772e-01 -2.583257220753800709e-01 3.802789775668057315e-01 -1.113371189837566444e-01 2.000000000000000000e+00
8.079538878403202951e-01 9.576280630631506252e-02 1.746936181483055295e-01 1.760430295952261970e+00 -2.086992017420820633e-01 1.651239971886413749e-01 9.000000000000000000e+00
9.722083237200622730e-01 1.195092004085773763e-01 5.429605879136617519e-01 1.816597297605710537e+00 -3.058804520929737092e-01 8.686151661479493136e-01 1.000000000000000000e+01
7.026427321441452989e-02 5.639681958597309031e-01 5.524703768867110787e-01 1.603864832311261424e-01 6.183192184064869590e-01 1.546916933323921439e+00 1.000000000000000000e+00
3.036700155253316824e-01 7.926756874710604306e-01 6.988396841692248174e-01 2.363167867525547694e-01 1.458329506760508210e+00 1.442054683640611401e+00 6.000000000000000000e+00
4.091340155238600840e-01 4.272732762085688085e-01 9.239196244295898586e-01 -2.679158900438520785e-01 4.457694357585287870e-01 1.882149843377561860e-01 4.000000000000000000e+01
3.908126828964981758e-01 6.118225455749648489e-01 6.102072046233438796e-01 1.168971975752987613e-01 6.377158526058860355e-01 -3.511979355502742317e-01 2.100000000000000000e+01
3.373288046990932099e-01 8.520810258628005451e-01 4.354266527545291865e-01 4.299720296102048644e-01 8.695182397272493979e-01 1.430973324915465472e+00 1.000000000000000000e+00
4.781094429443754068e-01 5.378781085890782521e-02 5.758001442384845792e-01 1.228707116473375827e+00 -4.579849586986567411e-01 9.937615836467535990e-01 1.000000000000000000e+01
5.926250821925017620e-01 7.416665581620008885e-01 5.083103366592689465e-02 3.075447296739434733e-01 -2.106853997349502627e-01 1.592512388757408859e-01 2.400000000000000000e+01
4.587319623273883318e-01 9.780628161629367767e-01 1.142024314895454529e-01 1.151141894813933142e+00 1.691705959568936990e+00 7.985910817940353179e-03 1.000000000000000000e+00
6.442663622730141482e-01 1.248865535322075671e-01 3.571042145873110085e-01 6.944555973143187177e-01 6.756708156925075870e-02 1.354197750229708230e+00 6.000000000000000000e+00
2.427322480027475082e-01 5.518027299795716933e-01 1.336490616014935906e-01 1.088261936329792956e+00 1.558520777113088784e-01 4.918426225792237316e-01 6.000000000000000000e+00
8.075080093574327211e-02 6.550314186928640758e-02 4.858647581271585691e-01 8.131464833754491472e-01 -6.081493286273036425e-01 5.848036955457419639e-01 2.800000000000000000e+01
3.819182022724052494e-01 2.079586603857708216e-01 3.637663857258152111e-01 -4.235677290123622818e-01 7.828541624247271624e-01 5.075981493863053196e-01 1.000000000000000000e+00
1.311044264749423593e-01 2.839509679474971904e-01 8.306079528078046392e-01 3.624946972905810361e-01 -6.819747908617538323e-01 7.146511891385907145e-01 5.000000000000000000e+00
2.646191273177808112e-01 3.968424180950207436e-01 4.465850276126963614e-01 -2.637622563284781618e-01 -1.112679103109082135e-02 -2.979780911496285878e-01 9.000000000000000000e+00
1.551806607879682165e-01 6.927883776454359932e-01 2.884192257570391549e-01 -2.605435285273602353e-02 9.473290644287197804e-01 1.238347069649694099e+00 1.500000000000000000e+01
6.510716742740811913e-01 2.613099068219344456e-01 8.256241779814369464e-01 5.225778447437663399e-01 -6.773626109735926271e-01 5.056503663842373264e-01 2.200000000000000000e+01
5.668421237750683739e-01 8.015830949806943551e-01 3.338649570699658842e-01 1.408430431421318296e+00 3.182464317520751762e-01 5.749350514660670486e-01 5.600000000000000000e+01
3.775247590232261308e-01 5.048250861121493793e-01 5.590808280955787968e-01 4.108768383603664254e-01 1.299236103965342726e-01 1.485545356456024590e+00 2.100000000000000000e+01
3.700127472240724025e-01 6.179796179678820334e-02 8.550867413982793375e-01 7.316562702952245090e-01 -1.788080985475728191e-01 -4.564778438956385020e-02 1.600000000000000000e+01
5.265440924183495408e-01 5.494916004505224771e-01 6.327928818675431222e-01 6.980594260617765112e-01 1.016151813158205686e+00 -2.348537836598498796e-01 2.000000000000000000e+01
7.460527603198644497e-01 6.581772905268001850e-02 6.749146841116643314e-01 6.901014577648404424e-01 9.333343886145670232e-02 1.672968959918403886e+00 2.300000000000000000e+01
9.239812038078012435e-01 8.617846966577440426e-01 3.277723198010535910e-01 3.499317379755377821e-01 7.218577999354859331e-01 -4.790037794677406424e-01 5.500000000000000000e+01
7.633749971126966294e-01 4.654977965993890576e-01 2.501393139523927500e-01 1.573859266789465305e+00 8.771616675430838894e-01 -1.665717441756199291e-01 4.400000000000000000e+01
9.660683454962603056e-01 9.067372973214626874e-01 5.026500167479797110e-02 5.153327736840160878e-01 4.966913569557300789e-01 -7.426409013759179834e-01 2.400000000000000000e+01
2.886768757767248506e-01 5.480475792278134417e-01 9.671476431421884845e-01 8.801625286589868091e-01 3.803053758672338414e-01 1.784732644242145172e-01 2.000000000000000000e+00
6.954282264821343151e-02 5.066417384557275749e-01 6.391125500222801792e-01 1.793292280479270029e-01 5.081742159902683520e-01 1.633066571444808490e+00 2.900000000000000000e+01
2.081046417346830157e-01 4.140987584144162348e-02 5.541417978841337577e-01 9.785093739296188975e-01 -1.706851548776724126e-01 -4.710045491909964355e-02 5.000000000000000000e+00
7.993711225302508883e-01 1.670633766307909607e-01 9.066625701915835833e-01 6.412245868176386088e-01 1.287567023236482200e-01 1.893334892670341496e+00 5.300000000000000000e+01
9.881926697062890508e-01 2.500879074572901484e-01 1.082782824709738190e-01 1.138878044668686806e+00 3.931739272269956231e-01 -8.698936393908761611e-01 6.000000000000000000e+00
9.421723726591635373e-01 9.660826709934799972e-01 4.023923340412129956e-01 1.053589144409202261e+00 5.505136269987198627e-02 5.393268196421940885e-03 2.400000000000000000e+01
4.005949092067732087e-01 7.688453456949760900e-01 9.449625951661766443e-03 1.095409115418530366e+00 9.282291039304036984e-01 -6.918563247268394445e-01 1.140000000000000000e+02
5.575766163084483473e-01 7.596406630599994436e-01 9.923271801109339041e-01 6.748807033522430388e-01 3.676422893179843165e-01 1.904783768747586370e+00 8.000000000000000000e+00
4.954863589246930600e-01 3.276868063882154569e-02 2.310325826868699917e-01 3.320584774528051453e-01 5.575631693853165816e-01 -6.043607810280420267e-01 9.000000000000000000e+00
5.588405946956650494e-01 2.095422580494508136e-01 5.118577082490058938e-01 6.300227376656952760e-01 1.601986259017859904e-01 -4.843843850639950599e-01 2.400000000000000000e+01
5.725658505886139782e-01 5.584178245503567117e-01 8.896689308270567809e-01 7.338127195924489810e-01 6.762308450041685237e-01 1.869525828260559575e+00 7.000000000000000000e+00
8.962959182298915195e-01 7.784972076051668299e-01 9.962212955990294994e-01 1.705437939393660063e+00 1.240330082670213274e+00 1.359538767097668632e+00 1.500000000000000000e+01
2.523370610402205783e-01 6.085522145538021510e-01 2.923222462765129315e-02 8.928553663977076837e-01 5.363957660361151625e-02 5.600883866387308396e-01 1.200000000000000000e+01
3.663859086459848591e-01 7.380914809522363118e-01 7.770716180500006898e-01 2.047048175649685275e-01 1.253420064279753277e-01 3.510174946032340593e-03 7.900000000000000000e+01
3.891638028792510084e-01 7.876461686336121426e-01 3.719350457132539756e-01 8.712915672243521925e-01 -3.410057369352115231e-02 6.757196903586648595e-01 6.000000000000000000e+00
2.663696811515768870e-01 9.723182479840614123e-01 8.865519867887530214e-01 7.631917475784875116e-01 1.136743784221993625e+00 3.441814909413198897e-02 2.000000000000000000e+01
1.216634782104647483e-01 7.333750342504724573e-01 3.347697295184283162e-01 6.999506834031862801e-02 9.713298123017964913e-01 -6.351312443052067325e-01 1.170000000000000000e+02
4.656605976508789713e-01 1.006609632856825254e-01 4.527487033493489132e-01 8.414664975741805719e-01 9.778872515517028630e-01 1.540114195064068436e-01 5.100000000000000000e+01
2.747652827812385734e-01 4.025707959590740792e-02 4.275217580159742514e-01 -1.443750967611681091e-01 1.656466520936996922e-01 -4.716994591190909469e-01 6.100000000000000000e+01
6.344448076918108859e-01 3.288883508888825746e-01 1.348511157055939380e-01 3.441242507495052005e-01 -3.342211210886852912e-01 -5.550762735103587087e-01 1.400000000000000000e+01
8.095488878176697600e-01 1.779418575174805950e-01 6.530993695747704386e-01 9.577055689748374956e-01 6.796189364919660303e-01 -1.991738884006990506e-01 4.000000000000000000e+01
6.961503871672158894e-01 3.037117283448675931e-02 8.679059660262860021e-01 -1.768766560710645086e-01 6.698942959508770445e-02 1.354201025682910897e+00 1.590000000000000000e+02
7.121357830001262545e-02 4.884919989681768548e-03 7.688534306036003407e-01 -6.807749122021201638e-01 4.645108711357056608e-01 2.963523245885596458e-01 1.030000000000000000e+02
1.890676680626306450e-01 7.357675987408581753e-01 8.152059348548630346e-01 1.517174775262228048e-01 5.066162886142351329e-01 -1.574680291917470720e-01 1.460000000000000000e+02
7.287482482582831045e-01 6.956733568467075024e-01 1.956432603226153644e-01 1.182551757116767188e+00 1.039683513497474454e+00 1.017664785265145255e+00 9.000000000000000000e+00
4.854143793139519270e-01 9.467169490682652011e-01 7.639880564446444033e-01 5.247080965018379173e-01 8.753065548627761983e-01 1.760660800824149774e+00 1.800000000000000000e+01
9.982624751411117714e-02 2.728425218703507404e-01 5.626811585049081854e-01 6.926636030792726606e-02 2.866409516967383109e-02 1.531929831048712831e+00 8.000000000000000000e+00
3.144746175389601106e-02 9.143777199443222647e-01 6.717631898065151708e-01 -5.721365566371038325e-01 1.432684179684014403e+00 6.592101024563301603e-02 4.700000000000000000e+01
4.298362918104652319e-01 1.118720655112539486e-01 9.786568973406228888e-01 2.517643113291403445e-01 -4.101502520538481411e-01 1.812793019164524289e+00 7.700000000000000000e+01
2.838773331968179603e-01 9.511705144289372971e-02 3.201031449209708057e-01 8.716802606479469029e-01 5.141365451033221845e-01 1.012136657413278407e+00 1.100000000000000000e+01
3.423053463236267469e-01 8.333748828047381485e-01 9.673530383751774986e-01 -5.290290819567389224e-03 1.713428032163597958e+00 1.290901685942385635e+00 2.200000000000000000e+01
2.395940406718859439e-01 6.517959708467678803e-01 8.340940891743147123e-01 2.240897511738556003e-01 6.524735576544011817e-01 -1.657854825158360246e-01 1.800000000000000000e+01
1.097152557365114189e-01 6.804778267864742825e-01 5.892734943630658639e-01 1.102959026571448675e-01 7.164257575182607640e-01 1.588626989941710477e+00 5.500000000000000000e+01
2.944913097948305136e-01 1.089711955047163450e-01 6.921433330920727656e-01 8.654548195787146181e-01 1.768535575714789976e-02 1.508027862885872539e+00 3.400000000000000000e+01
3.657613921218620945e-01 4.140580369630337820e-01 1.062829091310284468e-01 1.656784372490750779e-01 2.567258965287343431e-01 -8.607814159041452529e-01 1.470000000000000000e+02
8.165827122127453652e-01 3.659981086279091578e-01 3.751997704496623509e-02 1.665810394451249898e+00 8.454652461526590557e-02 -4.092432147877890780e-01 6.000000000000000000e+00
8.084806169875923265e-01 4.425638924594575974e-01 4.729826650687030121e-02 3.451618921414927321e-01 2.441969906734778872e-01 9.110032690875059513e-01 1.300000000000000000e+01
2.317314855283494346e-01 8.894648973484353682e-01 9.260777676791412949e-01 1.405437690959321362e-01 9.815569331914745232e-01 1.917644133237254245e+00 1.880000000000000000e+02
1.280765749685351951e-01 5.775062662139143210e-01 3.865847408271249064e-01 -2.659358493433277015e-01 -2.736338577632752012e-01 7.334488335839035589e-01 3.100000000000000000e+01
3.193519222575725847e-01 4.829394004836732313e-01 3.492441654181851485e-01 2.108601871817977758e-01 1.082899732022593264e+00 -4.433951876295657568e-01 1.190000000000000000e+02
3.810533405116278693e-02 6.671559514399066915e-01 4.228168897558424177e-01 -9.076678816576883024e-01 8.956831253386302594e-01 1.919741830536340343e-01 4.000000000000000000e+01
2.109844891288645830e-01 3.083238244275104956e-01 6.134342977752014203e-01 2.789570669337398945e-02 3.531297224343281083e-01 1.595509106152899426e+00 2.600000000000000000e+01
4.833588591004615020e-01 2.737842279088813502e-01 9.515619253624246765e-01 2.053804714202533965e-01 1.204677492449780063e+00 1.188555060315950929e+00 1.890000000000000000e+02
7.463369168444075052e-01 5.214302152037163518e-01 9.964045414053843697e-01 4.513377783823150913e-01 3.007366507894626562e-01 1.926065694155543628e+00 5.200000000000000000e+01
8.069060983948110888e-01 4.697275308017556661e-03 8.882001812407357422e-01 8.117035626281295935e-01 -1.232857985482757948e-02 -1.116433588158591839e-01 1.400000000000000000e+02
7.552572953189194971e-01 8.697198602353952701e-01 8.571012921087773906e-01 7.360578653377297664e-01 7.787991544980186198e-01 1.852774334405602241e+00 4.700000000000000000e+01
9.248991353446838204e-01 4.370711523974637469e-01 8.182182955768864119e-01 8.905156939709718555e-01 2.061927836519137081e-01 1.790593201569782966e+00 4.000000000000000000e+00
5.843343346898435264e-01 6.126791666576486550e-01 9.437687819986045890e-01 6.829765192023556919e-01 6.993628433336428474e-01 1.935109116915191718e+00 2.120000000000000000e+02
9.236049172981228850e-01 5.754261364347191821e-01 8.851367090820253525e-01 1.089812175547695494e+00 -3.950239313653961526e-01 1.060070448571900581e+00 1.080000000000000000e+02
2.352019492673350642e-01 5.554027238677433642e-01 2.011986165516187475e-01 1.681105182406214538e-02 1.274966013536648290e+00 -4.579933798157411751e-01 1.400000000000000000e+01
4.800817984651223336e-01 2.148465001786598050e-01 6.457093278047406626e-01 -3.355493292058639998e-01 -2.184716650036933050e-02 1.173650585643329691e+00 2.500000000000000000e+01
7.926964367547525425e-01 1.850816301305382439e-01 4.584384651340398520e-01 3.691833816570063709e-01 7.884421548781942457e-01 1.134154951049550775e+00 1.700000000000000000e+01
7.840451364661065181e-01 5.574575406017979740e-01 9.392504042129372621e-01 7.902736943552524096e-01 5.682811984419722240e-01 -6.067161949570187840e-02 9.600000000000000000e+01
5.028958648281658395e-01 6.731598494163058000e-01 9.806411534135378583e-01 5.644299120498558198e-01 7.015808459614027992e-01 1.978341413004514493e+00 2.820000000000000000e+02
9.262495245197963634e-01 4.274835096210521934e-01 7.282032983840815987e-01 1.355926882121673227e+00 4.968662182712716424e-01 1.628516248476785444e+00 1.480000000000000000e+02
3.638817356797900970e-01 1.876264825123169500e-01 3.993810948541934858e-01 3.853214185937158809e-01 9.975011526115146188e-02 1.395281734514239425e+00 3.600000000000000000e+01
9.172885425396917203e-01 2.540396078581197425e-01 3.176840118131696311e-01 8.166816525927239612e-01 4.032443262854562560e-01 -6.659908357326126405e-01 1.300000000000000000e+01
3.663825107084210941e-01 8.115408529540674154e-01 3.122808712696067968e-01 7.189479778785923259e-01 6.395649034726421656e-01 -6.075679555269712928e-01 1.370000000000000000e+02
8.823061523330669731e-01 1.750131366935065991e-01 1.234046376011028734e-01 1.592679939174604264e+00 -5.068938636826946231e-01 -5.087079327297561182e-02 1.970000000000000000e+02
1.876198581074761673e-02 2.066315749288673009e-01 1.870036728506379031e-01 -2.282962708429907006e-01 3.676032198308179511e-01 -7.685330074274013823e-01 2.390000000000000000e+02
5.289919842705651520e-01 7.484906984438051136e-01 4.878538052472027875e-01 1.018745483537927710e+00 6.294697743741088924e-01 -3.758449440797654306e-01 1.370000000000000000e+02
8.837078188018071545e-01 3.850634499103254837e-01 8.252523344422906248e-01 9.362385565251910569e-01 3.882312368053336127e-01 1.823866617697054160e+00 6.360000000000000000e+02
1.396141607338593493e-01 7.309279017197882755e-01 2.152834561581168371e-01 6.089579049667903643e-01 1.236417622555667784e+00 -5.087307646129103356e-01 2.580000000000000000e+02
1.755755706915033132e-01 7.947205122787305287e-01 1.112107504187965779e-01 7.659545161268609403e-01 8.006937663593777232e-01 -6.958933451118375357e-01 2.000000000000000000e+02
1.308937572618843470e-01 2.911659462983700042e-01 3.252972302607790578e-01 1.014870408576111771e+00 -1.700698366358702751e-01 2.488326471368061399e-01 2.010000000000000000e+02
2.491536495534988349e-01 5.002112151751919589e-01 9.828441331714221629e-01 -1.225203103124610227e-01 7.118343101440414156e-01 7.892260270909146058e-02 1.237000000000000000e+03
2.502685916440706704e-01 2.764257742358454673e-01 6.250954516645992332e-01 4.995238003420939266e-01 3.742894630488726171e-01 1.588575881849256355e+00 1.160000000000000000e+02
3.955485925216871701e-01 6.103034561803711844e-01 5.857177745244190881e-03 -1.240697775701703476e-01 6.155342982382271400e-01 -8.485252821370073972e-01 8.200000000000000000e+01
1.123553991097780980e-01 6.551566284153348407e-01 3.047614225975097124e-01 -6.957100685946521201e-02 3.550608390467253073e-01 -6.316387589564801397e-01 3.800000000000000000e+01
8.108742975978517897e-01 5.337086973000940704e-01 3.436941973620497581e-01 8.124232200996645004e-01 3.425256057552796829e-01 1.325247367774356366e+00 4.290000000000000000e+02
9.612517206985780049e-01 8.165011410325111463e-01 6.515491535509171372e-01 1.594893937192539246e+00 4.939304603198568788e-02 5.513358207988088289e-01 5.670000000000000000e+02
2.031785518800757195e-01 1.169871159555465612e-01 5.030629540893111207e-01 5.116290818160739162e-01 5.567020832585802825e-01 1.346572893634716772e+00 6.670000000000000000e+02
1.318763721745375150e-02 7.258642073755033897e-01 5.279092691855713504e-02 4.055842917027053796e-01 9.304281945159622591e-01 9.495508952010291992e-01 1.083000000000000000e+03
8.697093233612013252e-01 6.053057244234252288e-01 3.648271437841664744e-01 1.547821888624837383e-01 4.426560197076650494e-01 -3.151906985650828608e-01 2.870000000000000000e+02
9.563760545689808934e-01 3.334171954835252194e-01 7.938265548128724536e-01 5.917058282130623903e-01 6.384984064898582279e-01 -8.591265694276628562e-02 5.400000000000000000e+02
2.122260277481093915e-01 9.084494329374281918e-01 8.981542617499391756e-01 9.296072728397626606e-02 9.437253667291399806e-01 1.890389816746998797e+00 1.600000000000000000e+01
6.341752445640701508e-01 4.354536661900634265e-01 6.002212482572691910e-01 8.111508468536090533e-01 2.237831912675947998e-01 -3.609630453307770548e-01 1.990000000000000000e+02
5.263858150225901866e-01 9.716196043931291104e-02 4.108992677359635248e-02 9.696223976801709998e-01 2.081444994400760695e-02 -8.520575355388700922e-01 5.600000000000000000e+01
7.640045367153260880e-01 2.532207829517263420e-02 3.207123286715174437e-02 8.892367373330480884e-01 -4.696662094252153086e-01 8.918988266021290467e-01 1.300000000000000000e+02
8.420052479203492535e-01 7.399165394176691057e-01 1.592035690660263958e-01 8.914388510866517734e-01 7.832800641200353686e-01 -8.386320504642567064e-01 2.320000000000000000e+02
4.510055253084392923e-01 8.108542847707282952e-01 6.031888678013139771e-01 5.152460353772005952e-01 4.391677200244582524e-01 -3.229440894209318902e-01 2.550000000000000000e+02
4.471169796289629073e-01 6.081890784441801312e-01 2.392536439799965997e-01 -5.710097040418438130e-02 8.714328548118123186e-01 1.061729767079067965e+00 1.380000000000000000e+02
3.085204701762697121e-01 6.423982669667605006e-02 4.504556319396365582e-01 9.649936260513507502e-01 -2.031309170697134792e-01 -2.549207789171620275e-01 1.370000000000000000e+02
9.132865642885137358e-01 1.029954217378629133e-01 3.142265177407822518e-01 7.356410905402887002e-01 4.879644303385913817e-01 1.219898063100213648e+00 8.280000000000000000e+02
8.528683570103124945e-01 6.464852131714260430e-01 8.159452595762414218e-01 1.533903762744623922e+00 7.441304804539848883e-01 9.023445084205994338e-02 2.840000000000000000e+02
6.999641136272584108e-01 7.716666697738682190e-01 4.087622272045495775e-01 6.488775565660892530e-01 6.746586629833414284e-01 1.402733861762681666e+00 6.450000000000000000e+02
9.868784959460622508e-01 3.728076536971407506e-01 4.289404310923250474e-02 9.533617707849706413e-01 3.618705998909577115e-01 -9.564842686368831837e-01 3.290000000000000000e+02
7.266647029734700780e-01 2.865431066447994279e-01 8.913126876544232857e-01 1.640351936910964481e+00 6.847682925552879274e-01 8.101194622830455438e-01 5.390000000000000000e+02
6.154125334213633725e-01 8.750731157615477818e-01 2.317721958398123450e-01 1.000771348589053256e+00 9.573183302769576741e-01 1.150866482766822019e+00 3.100000000000000000e+02
3.544781695249158426e-01 3.892497883642110912e-01 4.521209721228833800e-01 1.848316595560148823e-01 4.162596998807603921e-01 -5.330138035983068567e-01 4.160000000000000000e+02
8.801282941365617951e-02 2.134503016301479983e-01 9.664002059113623311e-01 1.897490767036116299e-01 3.001835306500094114e-01 1.957423456380868343e+00 4.750000000000000000e+02
6.264143682519388578e-01 4.706862985624318263e-01 2.613669916684789873e-01 6.032017504258524454e-01 5.556504519913599838e-01 -7.347465897095512011e-01 7.100000000000000000e+01
4.774644099725000590e-01 2.872138430548487609e-01 8.024688409445759341e-01 7.230207421890815223e-01 -6.645446171032480809e-01 6.184636202962796592e-01 7.380000000000000000e+02
2.508408371816887028e-01 5.222603617490940708e-01 7.461041199383915412e-01 4.851326764030940986e-01 7.381314749548451015e-02 1.608659874717424998e+00 2.482000000000000000e+03
1.052719375555104531e-01 2.180591325842916595e-01 4.996235575865721756e-01 1.685699023264924101e-01 6.949184975603647785e-02 1.486497982287547259e+00 5.800000000000000000e+01
2.137894731877492127e-01 1.205692140349937658e-01 3.648090190807149469e-01 1.098170674946760128e-01 4.983065906152732427e-02 -6.272523679789069329e-01 3.610000000000000000e+02
6.344298127921750297e-01 2.527699724835223982e-01 9.684088554708027985e-01 2.866504123080858557e-01 3.111794951485611360e-01 3.265364375089485627e-02 1.718000000000000000e+03
5.754454277362193171e-01 5.124461746820907493e-01 4.311858271902596629e-01 4.653968550066667209e-02 1.190178643880566156e+00 -7.963450915550174258e-02 5.870000000000000000e+02
4.652044148487727293e-01 2.341763766391117274e-01 3.606008119963910463e-01 -3.715890870273730329e-02 4.695343511533903724e-01 1.192609054132739654e+00 2.350000000000000000e+02
8.026489586378665608e-01 3.850061735584680012e-01 5.018506001347542433e-01 4.927340763024794512e-01 3.518995094811750990e-01 -4.483371257914000596e-01 7.900000000000000000e+01
6.072192159045262105e-01 2.582374155295861229e-01 2.163229725145452420e-01 7.689423676618939441e-01 3.606224078091399554e-02 -7.451778407513929281e-01 6.000000000000000000e+01
8.869903333442978877e-01 6.090638764196902866e-01 3.268148597968987268e-01 3.959137314950273434e-01 1.117776331359990216e+00 -3.803311005993877947e-01 4.479000000000000000e+03
6.485203245015265239e-01 8.174218921969755858e-02 1.053533245749753711e-01 7.429340681155944814e-01 1.614106464923747986e-02 1.098722610123843202e+00 8.720000000000000000e+02
7.974456625291270750e-02 5.494307042478904224e-01 8.424524470756605821e-01 8.771226659256183000e-02 5.428153912410205173e-01 1.842398822330413299e+00 6.260000000000000000e+02
2.820025295259654952e-01 5.890416390269215263e-03 1.964637420454773409e-01 2.059676176671190739e-01 4.265849393878132778e-01 1.100474146022381916e+00 1.767000000000000000e+03
9.848437679325200422e-01 1.812437539043365575e-03 9.476796627664720862e-01 9.299028282186795336e-01 6.567596673671755036e-02 1.944124815688487162e+00 2.840000000000000000e+02
4.560538329551763193e-01 4.699111068227648236e-01 9.792406936956191688e-01 1.274466667492323846e-01 4.361326174887110718e-01 3.537823338881773694e-02 2.270000000000000000e+02
1.890387458087062766e-01 6.133946002152436128e-01 2.397520144504665662e-01 1.849700406082021020e-01 5.757798528655811987e-01 -7.595320174542830038e-01 1.147000000000000000e+03
2.558746491275301072e-01 5.748548470117866849e-01 1.700207447910094816e-01 2.706336927047170438e-01 5.768056841793343104e-01 -8.298684315015596447e-01 1.422000000000000000e+03
1.923366526973505630e-01 4.397407119090063210e-01 9.654059996209064520e-01 4.223907165109441197e-01 7.104065780687160991e-01 1.900186784949137841e+00 8.860000000000000000e+02
7.907340044655142286e-01 3.404617036671031549e-02 9.534851709461119595e-01 6.920094694376434097e-01 1.180408820731361635e-01 1.945048761740411525e+00 1.854000000000000000e+03
4.244011239380929279e-02 4.145953664451276222e-01 4.839828836047253002e-01 1.808883912695081753e-01 2.232291636494668774e-01 1.455688111800975459e+00 8.600000000000000000e+01
6.809133094326511593e-01 4.538203891201273432e-01 8.917376225431895564e-01 6.828793190640268795e-01 6.313339138561362418e-01 1.875854019796038719e+00 6.390000000000000000e+02
7.414261208533277081e-01 5.517467762761515404e-01 2.430046673533304835e-01 7.439500533165287477e-01 5.464351316813735870e-01 -7.569780405954720237e-01 3.950000000000000000e+02
8.722670452039339439e-01 3.304533686820820826e-02 9.552355576926457870e-01 9.586342218550839567e-01 -1.740962101191948774e-01 1.929726753296266750e+00 2.820000000000000000e+02
2.390307744019296576e-01 2.739208972261633068e-01 3.012199838390196005e-01 8.957188900016108124e-02 3.061173153166732441e-01 -6.870236259235743548e-01 5.800000000000000000e+02
7.281426035912266226e-01 8.475951309059760463e-01 9.228932226963424412e-01 7.299895739042983056e-01 8.471971810769668432e-01 1.922891437863047726e+00 1.620000000000000000e+02
6.945134831296244649e-01 1.485148706341884450e-01 8.974647191540754410e-01 1.326015079132844443e+00 -2.306129082998197299e-01 1.573828424187064146e+00 5.070000000000000000e+02
5.381169597817869743e-03 9.102043501756310606e-01 8.966058909986219794e-01 -8.396110971758913299e-02 1.266040777293421682e+00 -3.366202431544118578e-02 5.310000000000000000e+02
2.775410003509298784e-01 6.707203688748154535e-01 7.951730248942230350e-01 1.968327279948308417e-01 6.766647144196766828e-01 1.791893065592380818e+00 1.630000000000000000e+02
7.859013371396306180e-01 6.430098010507456774e-01 1.094905385799704867e-03 5.216683595862459111e-02 4.324846060575004425e-01 -6.449026364436691861e-01 1.565000000000000000e+03
5.583477160385941218e-02 3.077352521344310921e-01 8.231828381339255651e-01 5.489737517735029937e-02 3.149935644704907611e-01 1.823156056870293362e+00 1.220000000000000000e+02
6.828368224232963524e-01 2.819309004207845026e-01 1.600760612796608973e-01 5.024918605254125037e-01 4.749137489707025983e-01 -8.044099753655620244e-01 3.650000000000000000e+02
5.767881688980991406e-01 4.208183364535731386e-01 7.435814528765137821e-01 2.467543492115592541e-01 6.277226952951278083e-01 -1.774333483918901777e-01 1.208000000000000000e+03
6.040839675607215797e-01 5.984435567924214494e-01 9.978403794833868856e-01 7.757181205483544284e-01 6.959788073081509818e-01 1.978161037449468918e+00 1.490000000000000000e+02
1.364032459497052097e-01 6.684946392071253740e-01 5.938752776527931321e-01 2.295574234925144563e-01 6.228779387694729497e-01 1.588481438827910708e+00 4.275000000000000000e+03
1.459310343135100663e-02 6.599489118734356286e-01 1.019082388532968064e-01 -5.817245551045208130e-01 9.056894903106577077e-01 -6.623016918775428419e-01 4.193000000000000000e+03
3.725106089903091888e-01 8.348369203118591875e-01 5.519487886647680419e-01 -2.622408340471932275e-01 7.810906046212738874e-01 1.322793740072959023e+00 1.171200000000000000e+04
3.753273436624781079e-01 9.332223567221332727e-01 5.528454857240928666e-01 -1.737920866249518248e-01 7.045995123493323797e-01 -2.510198303032243894e-01 1.817000000000000000e+03
2.590412412750153770e-03 4.723182654565853955e-01 5.408300708683122515e-02 -2.537484781433567704e-01 8.766387896965854853e-01 -8.238778615552487805e-01 1.907000000000000000e+03
8.098862798517763029e-01 4.867076648879213874e-01 3.288140481708012874e-02 7.368888042507222291e-01 5.975152809097316053e-01 1.024038829642943238e+00 6.780000000000000000e+02
5.968614823307009098e-01 3.917107859980262230e-02 8.539678616340514727e-01 5.936181651424491390e-01 -3.759231091769458244e-01 1.763740523438954266e+00 5.126000000000000000e+03
7.386739875266423727e-02 1.886005326707004270e-01 9.910557480295497657e-01 2.635741757947029917e-01 9.042868658729885656e-04 1.954788832475184090e+00 2.480000000000000000e+03
3.205974804563804792e-01 1.939725488115870977e-01 9.660763484118271016e-01 4.224946636969341140e-01 -2.781298914974829617e-01 1.841711118108566581e+00 2.046000000000000000e+03
6.307915747990457955e-01 7.781192977812932954e-01 9.876003163403592744e-01 6.769688227383978685e-01 7.973203104700231636e-01 1.986349024917484218e+00 1.067000000000000000e+03
3.294199151595320618e-01 1.622343327282683711e-01 2.076446317303065614e-01 7.764065095102039571e-01 1.300193135985111548e-01 -6.863157572206006751e-01 1.028000000000000000e+03
9.962809132363134035e-01 7.817550626695822791e-01 4.858390412367602496e-01 1.083920546672002327e+00 7.177530193874748221e-01 -5.082550353510510988e-01 1.106000000000000000e+03
8.592398341793028305e-02 8.003772560161669380e-01 4.078354040717034890e-01 7.186017995980181761e-01 3.899043559988106256e-01 -2.488462381758442810e-01 1.360000000000000000e+02
5.891544535672313954e-01 8.427271792487404101e-01 5.217678954642138711e-01 1.010343380236993882e+00 1.372936450022914645e+00 1.257619794446537487e+00 2.262000000000000000e+03
5.087109999454727527e-01 4.925715687484629735e-01 1.613235772681432811e-01 1.079685974676999782e+00 -1.529296820723007322e-01 6.685865400588065777e-01 4.038000000000000000e+03
1.006454032839174673e-01 9.980969629066130944e-01 4.291667528195414194e-01 1.118566978656365118e-01 1.133256024057912592e+00 -5.615937303763222088e-01 2.014000000000000000e+03
4.612990754387987780e-01 4.723397313148260945e-01 6.865214525263703127e-01 2.476710319714047204e-01 4.116952012261310134e-03 -1.708760562094988611e-01 1.165000000000000000e+03
8.944690735057397868e-01 6.935135517398531846e-01 2.031195400609214774e-01 6.792959594148357816e-01 2.455130485176037491e-01 -6.646339272816378374e-01 4.010000000000000000e+03
4.920687901750572246e-01 7.428742395386461750e-01 4.453376721167174868e-01 4.767942717640632488e-01 6.211767190284026574e-01 -5.471120256458296138e-01 6.494000000000000000e+03
9.791356832529130028e-02 5.356588269904960509e-01 4.774299028616568741e-02 2.323715415800788331e-01 5.437393889754390530e-01 -9.431433593757025946e-01 4.302000000000000000e+03
9.127897711985866191e-01 2.802966889125791949e-01 8.973236200762904069e-01 1.035501274032130770e+00 4.851205878977422059e-01 1.868399856772899437e+00 2.268000000000000000e+03
4.464909847703050216e-01 9.152569354529694889e-01 8.017187236819496299e-01 4.591866911735403844e-01 9.134408874675583601e-01 1.801636480804322815e+00 1.888000000000000000e+03
9.352227841855221824e-01 1.017692357717343565e-01 5.037870242938126131e-01 1.125156642088217529e+00 3.486346534161091082e-01 1.454040987818020714e+00 2.554000000000000000e+03
2.145449506185376221e-01 5.112008933252971676e-01 9.734895394668520163e-01 2.462908693240110636e-01 5.494251927669908664e-01 1.972254326380035838e+00 7.176000000000000000e+03
8.880945879556519928e-01 9.149925852845719465e-02 2.710747811616378566e-01 8.858055303267132752e-01 3.087241030232236727e-01 -7.050441291917042275e-01 1.882000000000000000e+03
6.375443143089454257e-01 4.334520806894912592e-01 1.575301027459741210e-01 1.090616128692333708e+00 4.717055847689047843e-01 1.048183009571630242e+00 1.324000000000000000e+03
2.402242141451230717e-01 6.707402217713603898e-01 9.649942722423351382e-01 2.954562295550506867e-01 1.411774679839926439e+00 2.958027029374131756e-01 6.392000000000000000e+03
7.700915609041355525e-01 3.363165577643280058e-01 5.867651956399019264e-01 7.760821204343476554e-01 3.508010483908539645e-01 -4.131119531777941445e-01 1.530000000000000000e+02
9.907305601924308869e-01 2.007310437764791011e-01 3.599113054313159976e-01 8.732580937541015720e-01 4.087216944230265825e-01 -6.111397276624763730e-01 9.394000000000000000e+03
3.592848441409992599e-01 2.890665226493156492e-01 6.467983412695621492e-02 1.028563346255623734e-01 2.120433051442642547e-01 -8.988095760239084298e-01 2.960000000000000000e+02
7.198995701160459948e-02 4.363092890576502070e-01 7.846941112870893242e-01 8.011040031768246195e-01 -6.917608396142649330e-02 3.233078898322800931e-01 3.454000000000000000e+03
4.682022347194746414e-01 7.994871219915016258e-01 2.008927334618906269e-01 3.539427369367060816e-01 9.119740135023698402e-01 -7.861693043070895337e-01 1.892000000000000000e+03
1.141910890078059460e-01 1.585517162832632554e-01 5.620866468665508542e-02 3.237896540955051417e-02 9.202655858699732017e-02 -9.382163851918315922e-01 1.006000000000000000e+03
4.720722831814465614e-01 8.271195282710744889e-01 7.876338960809525780e-03 1.024787267855412409e+00 4.121128908241338262e-01 -7.148100637007054337e-01 1.408000000000000000e+03
8.539319287509335998e-01 1.443811550910526487e-01 6.977627512360968787e-01 8.719716900638455614e-01 1.536199709569419092e-01 1.697557335784927623e+00 4.378000000000000000e+03
7.504097106319458366e-01 3.042380819279753013e-01 5.125053958042409263e-01 7.258861116592429941e-01 5.307622415395285564e-01 -4.611913733213968136e-01 1.020000000000000000e+03
4.772052384029910055e-01 2.345162389379532586e-01 2.521823611353793959e-01 4.300743683568958309e-02 1.522944726782521352e-01 -6.448749671704860909e-01 6.165000000000000000e+03
2.113083289101422846e-01 4.590362520887056874e-01 8.339176859296790756e-01 8.392668223437963482e-01 5.191014742517197078e-01 1.609843133128727510e+00 4.923000000000000000e+03
8.607295161683882201e-01 1.835864921197237765e-01 6.482115623618575073e-01 5.612645367035373756e-01 3.385933417853789207e-01 -2.932201147293934662e-01 6.148000000000000000e+03
5.822210108277906526e-01 1.160187434245576465e-01 6.728521595156126134e-01 5.525216807189003987e-01 -6.367345273533256966e-01 1.521969139661694115e-02 1.012000000000000000e+03
3.836082042446165019e-01 9.089518901365788439e-01 4.537521583486683330e-01 4.499234413505045493e-01 9.970172770284563279e-01 -5.401526544775769878e-01 8.355000000000000000e+03
3.367274005898664990e-01 8.907350886809825008e-01 4.836889447632466421e-01 5.145804796754768207e-01 8.481629758539355191e-01 1.466824691987000495e+00 9.730000000000000000e+02
9.334238042856544126e-01 7.461933616406947190e-01 2.696595975838329551e-01 1.443902224139924861e+00 1.123262149760158701e+00 -5.031475658723593147e-01 1.438700000000000000e+04
1.511725458566561819e-01 9.797754903912627711e-01 1.412271903943990159e-01 1.894918133821550665e-01 9.253500461388525222e-01 -8.565551028711394510e-01 3.120000000000000000e+02
9.310687061228619665e-01 4.617409684769963052e-01 9.349550154595118734e-01 9.182336082063972116e-01 1.538638740851753783e-01 1.886294573666950525e+00 2.725000000000000000e+04
6.390289911935466138e-01 2.423408816224649209e-01 9.303610120721858001e-01 4.736403208578333635e-01 2.233792934253133189e-01 -5.568515616621183550e-02 9.180000000000000000e+03
9.507901260549594946e-01 1.020284739355620252e-01 9.556966788318219663e-01 4.047467917648830404e-01 1.755240960054952337e-01 1.790223533171410697e+00 2.238600000000000000e+04
5.346339945438379759e-01 9.280914078877720019e-01 3.140444188104707379e-01 5.254762475632135388e-01 9.197109605697761925e-01 -6.858785301075892571e-01 1.365700000000000000e+04
3.930535480099589529e-01 2.804347086788129273e-01 7.320135453624703192e-01 2.926477651870137420e-01 7.417745805095586897e-01 -1.495102497984446277e-01 2.294000000000000000e+03
2.627564719130701665e-01 9.794364998791131871e-01 9.614695660081190587e-01 2.613682822220414481e-02 1.128188823649782790e+00 1.921617414202569485e+00 1.582000000000000000e+04
8.832888665301747988e-01 7.388407375797404475e-01 9.172279634352603628e-01 8.558825646454758518e-01 7.442704921639641258e-01 1.916837593431970577e+00 4.348000000000000000e+03
2.648618257320484171e-01 3.275553834947092513e-01 9.732226927271681038e-02 6.313325882793061061e-02 1.048350053577916385e-01 -8.564603152072889358e-01 8.143000000000000000e+03
6.397809019627284099e-01 1.779771790260916697e-01 8.528534685846769214e-01 6.851096303436778889e-01 2.832220316201278232e-02 1.840552154714454103e+00 6.718000000000000000e+03
4.863502584073606805e-01 5.742774504795677970e-01 2.613994967152625248e-01 1.341933502004123424e-01 8.852725855549454792e-01 -6.213618175490014384e-01 3.634000000000000000e+03
9.211738059786142019e-01 9.606944270241396522e-01 1.056618278653875809e-02 1.418180617061317594e-01 7.101585510766077469e-01 -5.637476675885744193e-01 5.233000000000000000e+03
6.628044939370955069e-01 7.406696341181697729e-01 9.333341627660165507e-01 6.889644390029583398e-01 8.628714459278784554e-01 1.925494620789100386e+00 1.172600000000000000e+04
5.232651418486184980e-01 2.791357260980193988e-01 9.536905066457471714e-01 2.559385957858865690e-01 1.981320898065145053e-01 1.913885762142109037e+00 1.077300000000000000e+04
7.899610344876588641e-01 7.844863840465392535e-01 1.097457310312677237e-02 7.775072923979373662e-01 7.673615875240696882e-01 -9.888012245895493324e-01 4.204200000000000000e+04
5.578949235220064251e-01 8.750069195724485827e-01 3.047863742430390044e-02 4.706834336842392608e-01 9.360192583805373445e-01 -9.638410549048000986e-01 1.544700000000000000e+04
6.457420724542818347e-01 7.617278024783401547e-01 6.783348835214882966e-01 5.834967849373214888e-01 6.081099363304001137e-01 1.664502757355393214e+00 2.142100000000000000e+04
4.148675405136126315e-02 4.985231613620885183e-01 5.528287612641198390e-01 1.415568199381597170e-01 5.218908842615638255e-01 1.547534713513278426e+00 9.014000000000000000e+03
2.448214896334252044e-01 4.962617080709558204e-01 3.529875697008123536e-01 8.076297640396306043e-01 6.861487977810614147e-01 1.157468607029434438e+00 3.410000000000000000e+03
5.233801225063644535e-01 9.845163341630246423e-01 4.349393407388039146e-01 3.306243744686589991e-01 1.441129037485966657e+00 -4.335939405823781012e-01 1.401100000000000000e+04
3.547049172552180218e-01 6.096946732972829963e-02 5.825227098685709093e-01 -9.673339478588505180e-03 -3.922020084099170356e-01 1.396073015378675342e+00 1.199600000000000000e+04
8.709457814968613043e-02 7.253683037062388372e-01 8.712481089861319195e-01 -2.629034505919107811e-01 1.881475475993720226e-01 1.638643208713099764e+00 1.271100000000000000e+04
3.389787977955549536e-01 3.941212914448771754e-01 8.789644322580553171e-01 1.426386944513967914e-01 2.869156018948694209e-01 -9.569320196378394705e-02 2.413900000000000000e+04
3.459096997506027060e-01 4.652844936854967361e-01 7.676032485000737760e-01 5.039341769945813176e-01 3.831979144800269910e-01 1.751620554296120957e+00 3.593000000000000000e+03
2.547005364380897641e-01 3.398491496483936336e-01 1.809002808207990087e-01 -3.093308458759523871e-01 4.651886537166930458e-01 -6.352851199827337370e-01 1.078900000000000000e+04
7.553667764527011164e-01 4.378783208168323116e-01 4.757862149729874535e-02 6.181558658120860361e-01 7.287182567658005983e-01 -8.993032600794759190e-01 4.900600000000000000e+04
3.395032487173759161e-01 3.359329037121472350e-02 4.548933877334160325e-02 -4.761093171009254110e-01 2.854836511482878453e-02 -5.330870962881327779e-01 3.952000000000000000e+03
1.730620404184102235e-01 3.473915372561874326e-01 5.978515635666790118e-01 2.953927707682436621e-01 6.473670774858578669e-01 1.543922315506508269e+00 6.269000000000000000e+03
8.348133758764993972e-01 1.677062697751613429e-01 4.811687561833981608e-01 7.362327430562750630e-01 1.100723468758942336e-01 -5.122899443995729829e-01 1.387700000000000000e+04
6.858633926058281816e-01 5.115011301484695405e-01 9.001529730685335906e-01 8.359924411083865525e-01 9.063250032177064819e-01 1.806560926503587794e+00 4.961000000000000000e+03
2.779843634929808349e-01 7.259494481319441750e-01 1.454689343398850587e-01 -1.251590495144125903e-01 1.098302001485592427e+00 -6.904909717320322216e-01 2.695100000000000000e+04
2.136976982844448480e-01 7.353245908948219389e-01 4.305195296430008867e-02 -1.768124224494208030e-01 8.346508597944949370e-01 -8.721726849857999175e-01 5.688600000000000000e+04
2.872162484168309105e-01 6.686923551963774859e-02 4.357157209322767288e-01 3.392050344971346276e-01 9.004829233160882573e-02 -5.626629133779752490e-01 2.995000000000000000e+03
5.373193017959289053e-01 8.654433924568832870e-01 4.584081701912379181e-02 4.963293597182319994e-01 6.278698696235808230e-01 -9.246635085235506146e-01 3.375500000000000000e+04
5.284040132572378479e-01 1.550153292623623891e-01 1.456179405341038180e-01 5.287300404976276180e-01 2.103125620198361412e-01 -8.528519437165952288e-01 5.268400000000000000e+04
1.121226060837310357e-01 6.616531488561601115e-01 2.155465684204425081e-01 -2.591860083611939314e-01 8.793749897364149248e-01 -6.870757849714415055e-01 4.049200000000000000e+04
4.634697995020820027e-02 4.889630533222636410e-01 2.419832693248894495e-01 -6.615796611186766651e-02 5.483060272632359622e-01 -7.498942677508376731e-01 6.852000000000000000e+03
7.603979685156547763e-02 8.578340945841503862e-01 3.169885756297466939e-01 -4.819617390194078643e-01 7.684006666045296585e-01 -5.080180594499045243e-01 5.233000000000000000e+03
5.612842455964693889e-01 4.299785942234435332e-02 2.350319113905144919e-01 7.515331571361719698e-01 -6.300872037340647658e-02 -7.409639680567122744e-01 3.510600000000000000e+04
4.272776274304633803e-01 3.077571311305370427e-01 8.034224001399026260e-02 4.509155297097898751e-01 6.828022815288345981e-01 -8.463628828479433652e-01 4.464000000000000000e+03
6.714242172904355543e-01 1.542182770663846902e-02 1.340569321538410685e-01 9.306121040968551306e-01 -5.520375048470436974e-02 -8.291842977766271661e-01 1.408100000000000000e+04
7.458712873646713426e-01 9.273306491066702906e-01 9.792594337651872038e-01 7.400460074704463542e-01 9.380957602721139432e-01 1.979184520207041498e+00 6.261000000000000000e+03
3.955415156079086225e-01 1.060192660142339482e-01 7.106986602314628865e-01 4.439927967698146238e-01 -1.737966747526322742e-01 1.669528943778308072e+00 5.308800000000000000e+04
3.627693859805939391e-01 2.436980456495401182e-01 1.926547820244139952e-01 3.303532258175284619e-02 2.794057370829358122e-01 -7.507435475304916617e-01 3.045700000000000000e+04
5.142528694646699705e-01 8.507756322379322889e-01 9.861372886452526298e-01 5.367985477966259467e-01 7.848580362561420332e-01 1.983707618460917033e+00 6.157000000000000000e+04
9.622533460490061419e-01 5.024774069510858920e-01 1.161227471623356156e-01 6.591838484508949492e-01 5.127629276847066597e-01 -8.367902014792844012e-01 5.705000000000000000e+03
4.843051372144279165e-01 8.987111837029229111e-01 5.845597245082609916e-01 4.874854186996779304e-01 9.055375635396945011e-01 1.584531367280194170e+00 3.370500000000000000e+04
4.954542605876683936e-01 4.316209040360571292e-01 5.412982301447220035e-01 6.194520679336092961e-01 7.246887349071440276e-02 -3.837068307757878216e-01 3.954000000000000000e+03
2.696188395088608969e-01 4.805022046350956311e-01 9.737940920777232723e-02 9.159464681932857344e-01 2.197481450718369311e-02 7.073082812097901684e-01 1.694300000000000000e+04
8.883623563367348819e-02 3.542709460176582947e-01 6.353880670458355029e-01 1.695797524235098941e-01 1.325954260997321277e-01 1.607159875839199614e+00 1.835400000000000000e+04
9.529396558105951431e-01 2.911688769159451740e-01 4.573891250275302633e-01 9.753806823086171862e-01 1.307479273633081751e-01 1.444182679563809746e+00 9.045000000000000000e+03
9.548765453513247126e-01 9.791518249791330009e-01 8.205826377641890490e-01 1.120824618440344977e+00 9.681024620354339305e-01 1.806655225668639231e+00 5.103200000000000000e+04
1.842980891021204215e-01 9.743336158366544542e-01 9.172248689904061170e-01 1.038780828328395023e-03 1.165901559527186659e+00 1.881443593596598518e+00 2.898500000000000000e+04
3.184301066802484037e-01 3.565060603130675299e-01 2.156766781875225636e-01 3.119256813964778052e-01 3.176773171114977701e-01 -7.835480318517730192e-01 2.407500000000000000e+04
6.383002613795389912e-01 5.591350368705942930e-01 6.280870002004459440e-01 6.350418685484646719e-01 5.860140420226497282e-01 1.627720383975814977e+00 2.573700000000000000e+04
5.170414857089870031e-01 2.505343381351488041e-02 3.244735906732953978e-01 8.804109445163286196e-01 -6.839644561834039294e-02 -6.024728783529539333e-01 1.351200000000000000e+04
5.653993882176313601e-01 6.031061757400099088e-01 9.010619699527168125e-01 6.238578975078189481e-01 4.955435362130872212e-01 1.893540121485318695e+00 6.591800000000000000e+04
3.324703162836979420e-01 2.043926024134290476e-02 1.833779572286842185e-02 4.581341189297716832e-01 -9.948193905303996665e-02 -9.664604144015841447e-01 1.195640000000000000e+05
3.347688728868667418e-01 6.141661569057572656e-01 7.727001963185015088e-01 4.603555972474142610e-01 2.443402948524913687e-01 1.693274368463770108e+00 8.358000000000000000e+03
4.124647277309919646e-01 8.905813014766421620e-01 4.680245949890777801e-01 3.195290675936948155e-01 7.962811596917558354e-01 -5.231718771264131096e-01 5.745900000000000000e+04
2.769394229309138922e-01 2.981982752972304196e-01 2.276085540949401853e-01 1.651300987078978544e-01 1.989820156522337236e-02 -7.263556716376351474e-01 2.197000000000000000e+04
8.351285124497398460e-01 2.714811766469507059e-01 8.446663015688581355e-01 9.660872705867078469e-01 9.179927379701704471e-01 1.596246373645437089e+00 4.603500000000000000e+04
4.713457593804852852e-01 1.122983534164745389e-02 3.973057618650042144e-01 6.437957751646056215e-01 4.879822307027470094e-03 -5.876920398536172874e-01 8.973000000000000000e+03
4.729572045134661229e-01 3.246381525437469495e-01 2.160983520760199061e-01 6.964449530788298093e-01 5.667537281003725003e-01 -7.280590894103398103e-01 3.957600000000000000e+04
8.172465970440757621e-01 5.736243591652038232e-01 6.006264129072540481e-01 6.767232569587621205e-01 6.055946729101213677e-01 1.590187472130139446e+00 6.930200000000000000e+04
2.600132336396309141e-01 5.492334326875097927e-01 1.104737888336781992e-01 2.883654367822276465e-01 5.540671333096992557e-01 -8.891125195535745096e-01 8.980000000000000000e+02
8.292659020368099432e-01 4.391282769637280259e-01 7.579034057651643508e-01 9.114457362660284279e-01 5.545031320257780560e-01 1.747820128356246450e+00 7.006500000000000000e+04
7.165597982171157954e-01 4.260562079981791150e-01 2.748090595734464792e-02 7.286337648132694689e-01 6.877167675715454287e-01 -9.376035312264635602e-01 9.042000000000000000e+03
7.599313476127487199e-01 7.811016936585676307e-01 4.333361334362778594e-01 1.033273734621112716e+00 1.179567464562726986e+00 -4.421688459226768009e-01 3.204400000000000000e+04
6.854427534048220805e-01 3.926492965672079283e-02 9.727756493065846666e-01 3.957642194287530613e-01 -1.686358459378654168e-02 1.928252460559221060e+00 3.740800000000000000e+04
8.715075399261524858e-01 4.842023419541519047e-01 5.571160326422655018e-01 7.764715495494302067e-01 7.438632336014868729e-01 -4.038961326720069689e-01 4.167600000000000000e+04
4.696127403385159660e-01 7.402207917138393656e-01 8.491802030205386487e-02 3.780861120517010621e-01 6.793707775367541224e-01 -9.090237043926566729e-01 2.333600000000000000e+04
2.204153464089870784e-01 5.852434785364923897e-02 9.774834512009543674e-01 -8.399223684410428437e-03 -1.619943987252680795e-01 1.925647664257024605e+00 2.489660000000000000e+05
9.653476496684505470e-01 1.552345237742943640e-01 1.581268828234793089e-01 2.672606341671969199e-01 4.184426198437207201e-01 -5.077529989510493058e-01 1.617800000000000000e+04
2.823021657160554865e-01 9.718051916167605997e-01 3.111180507117840000e-01 3.781782052076016476e-01 9.607933857465303928e-01 -6.842143184910325360e-01 1.564410000000000000e+05
7.029851506481235024e-01 7.125567495054233591e-01 9.916133762508874128e-01 1.154422538678498089e+00 1.083957731928185897e+00 1.802949061983814882e+00 1.526600000000000000e+04
7.842959473676658355e-01 9.627927207108103458e-01 3.608583511785745657e-02 6.763260003386977193e-01 7.581746066037677867e-01 -9.367830758448884021e-01 3.105000000000000000e+03
3.796036076969039330e-01 4.591939623080829591e-01 4.708826693648557882e-01 2.898069085568978354e-01 8.148104166467939891e-01 -4.594256076203179218e-01 7.475800000000000000e+04
5.358472930652844468e-01 2.904703754141839678e-01 1.288113788359790401e-01 6.440825024090821582e-01 4.103810096667517837e-02 -8.335132441069481590e-01 1.456300000000000000e+04
1.305509407444831460e-01 5.657400881742691290e-01 1.937446097480283180e-01 8.026792618948723479e-02 5.439806381481705477e-01 -8.047533345572285279e-01 7.269100000000000000e+04
5.330224271077255160e-02 3.570692563766473260e-01 1.857457604327482636e-01 -1.158190612415142817e-02 3.713218319342719842e-01 -8.120452554217449936e-01 4.790700000000000000e+04
4.640878599360187540e-01 5.858448005807557202e-01 9.748678346243645487e-01 5.041376636037148140e-01 4.846331538258984439e-01 1.968926291550992635e+00 5.372900000000000000e+04
7.445198486382686998e-02 4.770020037950200020e-01 6.555768068933132131e-01 1.733029275313712758e-01 4.878138937451096946e-01 1.650620320599847091e+00 9.360900000000000000e+04
8.346221657729535615e-01 2.097868945117621342e-01 4.831718192186240657e-01 6.403717350918828322e-01 1.778225917409556045e-01 -4.972592357406702135e-01 1.683100000000000000e+05
9.116526474766248889e-01 6.509191954712898465e-01 8.873763676301230641e-01 7.796784766210053119e-01 4.983054607793002688e-01 1.866810830067674232e+00 5.850000000000000000e+03
6.750884458023846957e-01 7.446739306797928171e-01 5.018007480128507947e-01 6.225936934889348962e-01 6.884375621199008144e-01 1.498837242746491771e+00 3.951800000000000000e+04
4.941285976402853830e-02 2.256234606259551745e-01 9.506629256675327433e-01 2.026812306144137044e-01 2.163605395007984489e-01 1.938804112335256846e+00 3.158500000000000000e+04
1.844449729681013617e-01 5.154114879976996466e-01 8.874922248149382797e-01 1.767307696631941760e-01 4.517459467721497979e-01 1.885433701018742747e+00 1.334140000000000000e+05
7.145010096026666035e-01 2.243920980673628218e-01 8.195191256932009560e-01 5.220464858901332494e-01 2.101778989649375762e-01 1.800722067416501426e+00 1.725090000000000000e+05
4.511979141422962636e-01 9.975152478567489434e-01 2.054510124765237533e-01 4.534127108360130887e-01 1.396261693878202426e+00 -7.116075278909195223e-01 6.995500000000000000e+04
5.202878013113965139e-01 7.153278748105568186e-01 6.801315271999684997e-01 5.235388141308620069e-01 7.045564905668764144e-01 1.680068229295217375e+00 1.034100000000000000e+04
8.503300079878505224e-01 2.882060853788617205e-01 9.580978176925615264e-01 9.668365982146840398e-01 1.152324729978944362e-01 1.936109240863884029e+00 3.316200000000000000e+04
7.126456120440961550e-01 1.117618014869649068e-01 7.382816991965102105e-02 7.080957896242873195e-01 5.767555942797458063e-02 -9.246977323662558534e-01 5.966800000000000000e+04
4.343583090076575948e-01 9.714760902738664994e-01 8.500994661740990388e-02 4.385375493925864343e-01 1.296820151561123513e+00 -8.605765252268727794e-01 1.636000000000000000e+04
8.220966109864312754e-01 9.541732542259652172e-01 9.826618167122216363e-01 4.743647494720028557e-01 7.232083212667566041e-01 1.891362951426412753e+00 2.047850000000000000e+05
7.349300183028756317e-01 1.809086184149338861e-01 8.833812803100882238e-01 9.502563884840762309e-01 -2.238919626570868293e-01 1.772071914821526484e+00 7.769400000000000000e+04
2.112510521633444993e-01 5.917203348464031842e-01 9.232293488554567107e-01 1.209917423136527559e-01 5.129347277091311774e-01 1.916026450530047942e+00 9.911300000000000000e+04
2.592817051519329397e-01 6.477565240150463532e-01 2.967436697120087175e-01 2.635388097895595139e-01 6.383972511619193657e-01 -7.032034694267385033e-01 9.103800000000000000e+04
1.612924637734454159e-01 7.287725311952474305e-01 1.085511876840931089e-01 9.237327228780418953e-02 7.092473827737335590e-01 -8.888799696516316295e-01 1.074050000000000000e+05
7.485167548829052553e-02 7.670214324661276395e-01 4.046981408542412728e-01 -3.014160457001566207e-01 4.099626674910857305e-01 -4.502472611137152692e-01 2.578260000000000000e+05
9.286634314007023994e-01 2.906995065235041809e-01 1.888783317744786583e-01 1.039083713256370611e+00 3.935100466642230677e-01 1.177431493820348951e+00 1.261460000000000000e+05
5.763884735905880907e-01 4.530667982802406568e-01 3.647270496590393485e-01 8.032442279824917319e-01 2.805218820498824872e-01 -5.937951037533577558e-01 5.373900000000000000e+04
1.885866768652981751e-01 5.951474553281635993e-01 7.580259508907659649e-01 1.916010010978999312e-01 6.271683658247449999e-01 1.757508604637388228e+00 4.575310000000000000e+05
9.596441031606250949e-01 7.199573931542900818e-01 5.377141611430825696e-01 1.656789648541728388e+00 1.186953119984820670e+00 -6.255580365862378756e-03 1.136180000000000000e+05
3.002225211809051997e-01 8.343744760255554782e-01 2.051818640561803297e-01 2.509994255607111424e-01 7.644746675291271831e-01 -7.911569857483066182e-01 1.133400000000000000e+04
2.649840944020033229e-01 9.570350704645025353e-02 6.401072489030336099e-01 2.087444406051548740e-01 2.736789811255588289e-01 1.622533750971828059e+00 1.836200000000000000e+04
9.918337940148125309e-01 1.564174182068112096e-01 1.871651295595576636e-01 1.113893555789110312e+00 2.526016581074082556e-01 -8.006860771261182785e-01 4.598300000000000000e+04
5.032186050838046709e-01 6.432570722850762257e-01 3.614947734802685941e-01 7.930524134961662863e-01 7.470554504899847847e-01 -5.899369162290962754e-01 1.905000000000000000e+03
9.404312155391046923e-01 1.135433787526785032e-03 9.844634325709532563e-01 7.878470572662363836e-01 -2.653998046013402168e-01 1.936134090593543577e+00 4.619100000000000000e+04
7.211705724798455064e-01 8.682678599257896979e-01 2.522347095849575283e-02 3.290787110002473259e-01 1.106673937558131593e+00 -8.632733012975577491e-01 2.807130000000000000e+05
2.950583301735049124e-01 7.190607344415744784e-01 9.473369067298370583e-01 3.965520380161461356e-01 2.831663557871950121e-01 1.841593647227701691e+00 3.452890000000000000e+05
6.734281599903020332e-01 9.625792769264549520e-01 9.162745857463694410e-01 7.302807844631802325e-01 9.559277756164273887e-01 1.914635009952411648e+00 3.635790000000000000e+05
9.611250676110131286e-01 9.877060384541214155e-01 1.572993778805531484e-02 1.182544898394560562e+00 1.014137175928806478e+00 9.905502563635246727e-01 1.283500000000000000e+04
7.027034635476544500e-01 6.836691585403574800e-01 8.770222700579377584e-02 8.593332257168047050e-01 7.007128006524627750e-01 -8.998080928726315264e-01 1.660000000000000000e+03
7.140402478058663904e-01 6.146447913701214016e-02 8.653987705239010175e-01 8.227958274141955464e-01 -4.204834674962869279e-02 1.854063182132318577e+00 3.888260000000000000e+05
1.503348169859135552e-01 2.325292938937690845e-01 9.097737383697939162e-01 7.608013098189900791e-01 1.593943398324584870e-01 1.698432054513441258e+00 3.805500000000000000e+05
6.726778050175310497e-01 2.016140661162859615e-01 5.196822609707621998e-01 8.622594825578790978e-01 2.126158090342510909e-01 1.501485575893743318e+00 9.351400000000000000e+04
1.136541642779991257e-01 8.643135951628940772e-01 9.618226465923734869e-01 3.623632171329485008e-01 7.171406790536604126e-01 1.919154323594601586e+00 1.201800000000000000e+05
5.804350087522965884e-01 8.168003477381426958e-01 2.337358834013433251e-01 6.564594162030904512e-01 8.652835876663984571e-01 -7.621906525026935775e-01 4.337860000000000000e+05
4.344598239458905553e-01 6.573722052004713490e-01 2.930966169877119443e-01 4.103939488801179314e-01 2.693679331291825019e-01 1.214439939811374547e+00 2.193000000000000000e+03
1.964818143135180772e-01 2.157294327067829087e-01 6.948741923571370993e-01 1.785477992488476162e-01 8.400690834225130188e-02 1.685998577930762021e+00 9.084940000000000000e+05
7.534903860333124204e-01 4.594539148286688190e-01 9.092340168731271044e-01 1.012186195561121327e+00 5.044993140933689002e-01 1.874141986649434433e+00 8.551000000000000000e+03
7.208717210873583081e-01 2.701091694349163630e-01 7.691939468520667678e-01 2.420252482244380499e-01 3.185382086170923666e-01 -1.073679069783584072e-01 8.929200000000000000e+04
4.508557513270430306e-01 3.345220577575874765e-01 8.727147139653113062e-02 6.929751096767176044e-01 8.486356528418421696e-01 -7.355683840199921386e-01 7.156200000000000000e+04
6.472235237133406871e-01 6.170544094659891066e-01 9.703146776038692467e-01 7.235585757143790930e-01 7.297013748808512945e-01 1.961013229646225708e+00 1.990360000000000000e+05
8.471687536169590915e-01 4.294014651250123160e-01 1.094391810374881757e-01 7.702802888611652854e-01 2.930292961544470054e-01 -8.782301945724679815e-01 1.895900000000000000e+05
2.373792669128418353e-01 2.626014072666448262e-01 9.214269672455860372e-01 9.341698729426722858e-02 1.389929143020131319e-01 1.903259846362004737e+00 1.244290000000000000e+05
7.790838798472370375e-01 3.126694756865600056e-02 8.220638108823814516e-01 6.996367984518911953e-01 1.538934499002878598e-01 1.811331672577924268e+00 5.323900000000000000e+05
5.142186922299789575e-01 9.824250647430776695e-01 9.307674424558614046e-01 6.654123066860203606e-01 1.010136669430290901e+00 1.918883102646194327e+00 2.843520000000000000e+05
9.640900224172149757e-01 7.447889713706539183e-01 9.811691094073343722e-01 7.491146280111111722e-01 7.882848497883175876e-01 1.956819501894631053e+00 8.397600000000000000e+04
1.704144223494219457e-01 3.733856176782970326e-01 5.349983492371580551e-01 9.413249284853653087e-03 1.935368653078765877e-01 -4.354309622238242694e-01 1.107250000000000000e+06
5.201655759045693550e-01 3.353494757495296685e-01 1.103528763424916903e-01 4.711588427364081233e-01 7.514795251521450004e-02 1.074662737025626313e+00 1.051600000000000000e+05
7.239178086371533816e-01 7.392946658218514377e-01 1.228077501565033591e-01 2.834005673556362348e-01 1.242342763297521913e+00 -6.207560815081559769e-01 5.089570000000000000e+05
3.629308702027048694e-01 8.124502330486734758e-01 5.671724120340447817e-01 4.859093304271150937e-01 8.798721320169601290e-01 1.557288862690402453e+00 5.195000000000000000e+04
4.769945756916061930e-01 8.580445865872078359e-01 9.103276954910474172e-01 5.062940414887351359e-01 7.791823938496291735e-01 1.906782559426501322e+00 1.887550000000000000e+05
4.059604251086124105e-02 5.186599368813801236e-01 9.924692030453504676e-01 1.135206670633795573e-01 1.972644337313024243e-01 1.936602101364640394e+00 1.750220000000000000e+05
9.450092838579746690e-01 3.783394093285292747e-01 5.595493282068727536e-01 7.589782621940555085e-01 2.575925780962829981e-01 -4.155469038266890180e-01 2.423470000000000000e+05
1.192715645264136315e-01 5.641588990127710534e-01 3.168280058217097794e-01 -3.574322377236122117e-03 5.916386930471911887e-01 -6.752172295333528362e-01 6.248000000000000000e+03
2.680133037888954295e-01 1.069453790357688394e-01 9.833371821578649197e-01 4.957738156942887442e-01 5.886354141258363093e-01 1.829564018952540616e+00 9.740200000000000000e+04
6.644139531221040507e-01 4.755735463708082866e-01 3.974565130742390151e-01 6.296350078208244883e-01 5.380564618315101244e-01 -5.999833649330830188e-01 6.767400000000000000e+05
2.996235981959591843e-01 3.606866300481048615e-02 4.689709777543782376e-01 1.000954529485300615e+00 -1.795495178841302608e-01 -2.104727100424610420e-01 3.226990000000000000e+05
1.188278363518113778e-01 1.833431885386209714e-01 1.283525473331004196e-02 1.456167573638058044e-01 2.676763554311432092e-01 -9.832421873729205730e-01 1.234356000000000000e+06
3.630729055576783493e-01 5.878957823716479680e-01 3.657446098528552847e-01 4.959821118757707925e-01 1.028737597402251680e-01 1.230087586013602685e+00 1.084470000000000000e+05
8.952667104529955511e-01 1.622724405885030974e-01 7.465565756643777195e-02 9.326699659806692022e-01 3.728632683586609042e-01 -9.022028274430395900e-01 5.369300000000000000e+04
4.100322551861691478e-01 4.117568887462541571e-01 1.321749682336004206e-03 -2.597943508074229690e-01 4.871465596739622539e-01 -7.373586381854596583e-01 2.898000000000000000e+04
4.021323363201781964e-01 7.978538746497052525e-01 1.652321025731059434e-01 7.586556116088190027e-01 6.476578484984019113e-01 -7.569025448107872256e-01 5.169100000000000000e+04
4.380887144427083602e-01 7.792915501622192931e-01 3.468499566343673512e-01 3.839919937630916214e-01 6.834355719329077150e-01 -6.470741733923732752e-01 7.389600000000000000e+04
6.259119715175065490e-02 1.514773797259971744e-01 9.880517218160578263e-01 5.656940499370788356e-02 1.405510751036695427e-01 1.987973895730860807e+00 5.598390000000000000e+05
8.190916174818374529e-04 7.116070716822330278e-01 4.738799385727824331e-01 -2.617915231302093138e-01 6.481992587843672382e-01 1.436696179755568625e+00 7.561500000000000000e+04
8.353245396982229565e-01 5.829656761436111667e-01 2.801863154331445394e-01 5.914439727051040707e-01 6.715934139059188679e-01 -6.855607493525841534e-01 4.295820000000000000e+05
6.495518901553495317e-01 2.421151243351293836e-01 1.973014127420735786e-01 7.101895087252397820e-01 5.566123677881671394e-01 1.144621085859133469e+00 1.086402000000000000e+06
1.227711267623121660e-02 2.410112390938227156e-01 7.483935895125970461e-02 1.207802775966238806e-01 3.579941501361655343e-01 -9.123496106621155066e-01 4.378880000000000000e+05
6.030999659079732123e-01 7.607735366053134385e-01 8.861094156959267165e-01 4.455315712496970004e-01 7.644466936482702257e-01 1.873610660719016163e+00 3.274430000000000000e+05
7.260474908437887231e-01 9.481247934521188636e-01 1.317260653377916313e-01 7.630531093493457817e-01 9.126151202886437774e-01 -8.669578923339256171e-01 1.214070000000000000e+05
2.660023857350617416e-01 6.142198450133209420e-01 9.801371522442584583e-01 6.897155355911535057e-01 -9.884426606723872855e-02 1.538712787344752586e+00 3.923150000000000000e+05
8.151457800209479521e-01 9.044852285666176162e-01 9.646627531578115811e-01 1.191662798999062911e+00 8.875546757531005415e-01 1.890917734683558837e+00 2.382011000000000000e+06
1.849604883911842856e-01 7.085029360110867147e-01 1.050056778972324745e-01 2.255563537717128197e-01 5.915706505348380384e-01 1.097315516771818711e+00 2.567500000000000000e+04
7.213547354432670033e-02 8.608821262606478619e-01 7.392769836055972377e-01 -2.895324120074060925e-02 1.403295273681488098e+00 1.573284806863993301e+00 2.828800000000000000e+04
9.758309075521904852e-01 7.395880905048002329e-02 1.674162250094579640e-01 5.991659473867138042e-01 -2.025992697613003823e-01 -7.166873531008655096e-01 5.992180000000000000e+05
5.481184190882939511e-01 7.000649787648326461e-01 2.008600711723332877e-01 5.263755535656076123e-01 7.003140007923623900e-01 -7.989034937703446415e-01 2.727280000000000000e+05
