6.704898111341609512e-01 7.175006020642802351e-01 0.000000000000000000e+00 4.214777804902130054e-01 1.004529704877787921e-02 1.000000000000000000e+00 0.000000000000000000e+00
8.341862737536511752e-01 1.513381680350325276e-01 0.000000000000000000e+00 4.245440366120543096e-01 -4.769079919608942841e-01 1.000000000000000000e+00 1.000000000000000000e+00
5.821717261328178683e-01 5.619437078484876835e-01 0.000000000000000000e+00 1.328033076555068970e+00 6.406256368175722304e-01 1.000000000000000000e+00 3.000000000000000000e+00
9.274399108277958659e-01 2.686595892356753446e-01 0.000000000000000000e+00 2.698698672168540202e-01 6.293556354373269768e-01 1.000000000000000000e+00 1.000000000000000000e+00
2.320318902968934172e-01 8.865542182909573743e-01 0.000000000000000000e+00 8.323314764104723373e-01 4.369539437004430482e-01 1.000000000000000000e+00 1.000000000000000000e+00
8.972100394795308187e-01 4.510758401263433859e-01 0.000000000000000000e+00 7.707825119765827626e-01 -2.881914189143173211e-01 1.000000000000000000e+00 1.000000000000000000e+00
7.961491989737901065e-02 6.939957007789991916e-01 0.000000000000000000e+00 -5.178606691200268175e-01 1.147342059017712579e+00 1.000000000000000000e+00 1.000000000000000000e+00
2.376990845526576468e-01 6.302669756900485254e-01 0.000000000000000000e+00 -4.143549769561478691e-01 1.000841530766177101e+00 1.000000000000000000e+00 1.000000000000000000e+00
5.214967155332836946e-01 6.620231706334349653e-01 0.000000000000000000e+00 4.684231592193197624e-01 -8.609660428244603203e-02 1.000000000000000000e+00 1.000000000000000000e+00
7.611421058762095626e-01 9.276657581768457117e-01 0.000000000000000000e+00 7.700452564633712971e-01 1.777186040988918414e-01 1.000000000000000000e+00 1.000000000000000000e+00
6.629906777062375411e-01 2.931198181241850831e-01 0.000000000000000000e+00 -6.759232572408269135e-02 4.626735709541734964e-01 1.000000000000000000e+00 6.000000000000000000e+00
1.274506704772917498e-01 1.010443172628882058e-01 0.000000000000000000e+00 -4.550543291569272286e-01 5.734720105675235047e-01 1.000000000000000000e+00 1.000000000000000000e+00
1.881354242129347210e-01 9.839612329044084005e-01 0.000000000000000000e+00 7.550518324416076732e-01 4.929359931446780640e-01 1.000000000000000000e+00 1.000000000000000000e+00
3.357246268483622398e-01 4.213131025774723426e-01 0.000000000000000000e+00 -3.908228969134625030e-01 2.352252316251701725e-01 1.000000000000000000e+00 1.000000000000000000e+00
6.726042438222349373e-01 5.983772983505517562e-01 0.000000000000000000e+00 1.422070111182051289e+00 6.266777164145727053e-01 1.000000000000000000e+00 3.000000000000000000e+00
2.640587958272382352e-01 5.353220166115494338e-01 0.000000000000000000e+00 9.484698791212489155e-01 8.420490435660039630e-01 1.000000000000000000e+00 1.000000000000000000e+00
6.285306584562790899e-01 9.383249193451546066e-01 0.000000000000000000e+00 -5.944320598587293780e-02 6.396746860545519109e-01 1.000000000000000000e+00 2.000000000000000000e+00
7.018168121794809977e-01 7.382466898604364003e-01 0.000000000000000000e+00 8.312992261190010890e-02 1.162188351739983139e+00 1.000000000000000000e+00 1.000000000000000000e+00
8.065505703475138732e-01 2.719915866696474005e-01 0.000000000000000000e+00 1.236930393013185636e+00 -3.422341114595214284e-01 1.000000000000000000e+00 1.000000000000000000e+00
6.887838881656991319e-01 3.810240762974289597e-01 0.000000000000000000e+00 2.127333566636787077e-01 -1.985239298734523539e-01 1.000000000000000000e+00 1.000000000000000000e+00
3.652877127633628040e-01 7.866228402078679904e-01 0.000000000000000000e+00 9.197681989808490499e-01 2.815967117709127221e-01 1.000000000000000000e+00 2.000000000000000000e+00
8.643405688198124714e-02 6.470063101348034751e-01 0.000000000000000000e+00 -6.082231986587620653e-01 9.297629145220440705e-01 1.000000000000000000e+00 1.000000000000000000e+00
3.416921993715408279e-01 7.123988536969583230e-02 0.000000000000000000e+00 5.797143030021134624e-01 7.824680331417570578e-01 1.000000000000000000e+00 2.000000000000000000e+00
1.687378476205038114e-01 1.606296763312796694e-01 0.000000000000000000e+00 1.545461810199372232e-01 -5.892360427138693124e-01 1.000000000000000000e+00 1.000000000000000000e+00
4.906788711705857287e-01 4.775019827388077287e-01 0.000000000000000000e+00 2.368881105825841327e-01 1.183257074707801948e+00 1.000000000000000000e+00 4.000000000000000000e+00
5.860124682662720685e-01 4.424778939548045242e-01 0.000000000000000000e+00 1.323779552691999095e+00 5.773842657018873892e-01 1.000000000000000000e+00 2.000000000000000000e+00
5.268437109345222025e-01 3.363617896320952871e-01 0.000000000000000000e+00 -1.294332621791525195e-01 6.994052230677562099e-01 1.000000000000000000e+00 2.000000000000000000e+00
9.429535469243282009e-01 4.237029695051741651e-01 0.000000000000000000e+00 5.334166307444314636e-01 1.052017790503262828e+00 1.000000000000000000e+00 1.000000000000000000e+00
4.018853535042572478e-01 4.603434476881733683e-01 0.000000000000000000e+00 9.417300566373700832e-01 9.809850677101623617e-01 1.000000000000000000e+00 1.000000000000000000e+00
4.855915494108424824e-01 7.534690311296343701e-02 0.000000000000000000e+00 -2.641889426014508713e-01 9.349115283024962697e-02 1.000000000000000000e+00 3.000000000000000000e+00
7.189153422767314838e-01 3.507311676448857662e-01 0.000000000000000000e+00 3.610038200360618510e-01 -3.083586155010575869e-01 1.000000000000000000e+00 1.000000000000000000e+00
1.132931607756461068e-01 1.625378974162061674e-01 0.000000000000000000e+00 -3.737095849568694561e-01 7.329134979190596866e-01 1.000000000000000000e+00 1.000000000000000000e+00
6.253654655413027896e-01 5.957597616470386992e-01 0.000000000000000000e+00 3.284674126549006479e-01 1.284491600748632223e+00 1.000000000000000000e+00 1.000000000000000000e+00
7.038873637787330662e-01 6.244336201613753801e-02 0.000000000000000000e+00 2.564541302231204689e-02 3.825806079500098100e-01 1.000000000000000000e+00 3.000000000000000000e+00
2.871689001546406939e-01 1.035502422626820573e-01 0.000000000000000000e+00 -2.470525739059965531e-01 6.299601743996809944e-01 1.000000000000000000e+00 1.000000000000000000e+00
3.211798177178049052e-01 9.441895213061114456e-01 0.000000000000000000e+00 7.199716049425330944e-02 1.651584745589545378e+00 1.000000000000000000e+00 1.000000000000000000e+00
5.649662723718792412e-01 4.136860834928512975e-01 0.000000000000000000e+00 5.934122186795307563e-01 1.163146441442931334e+00 1.000000000000000000e+00 2.000000000000000000e+00
4.686656610423773905e-01 9.324982476948964205e-01 0.000000000000000000e+00 1.204264153193324027e-02 1.527473388396728193e+00 1.000000000000000000e+00 5.000000000000000000e+00
9.843042265393830981e-02 2.568529000375461280e-01 0.000000000000000000e+00 -5.714253177959698338e-01 5.941855059123791749e-01 1.000000000000000000e+00 4.000000000000000000e+00
2.185695684646326020e-01 9.542501002026690937e-01 0.000000000000000000e+00 8.825666992199232563e-01 1.302973214361655474e+00 1.000000000000000000e+00 3.000000000000000000e+00
5.896727931846416082e-01 7.770268493564256307e-01 0.000000000000000000e+00 1.137694520928241193e+00 1.289054373929978459e+00 1.000000000000000000e+00 1.000000000000000000e+00
1.893621854901571533e-01 2.018410577445689524e-01 0.000000000000000000e+00 5.563061492766232519e-01 8.559451224320441254e-01 1.000000000000000000e+00 4.000000000000000000e+00
9.128038555261644982e-01 6.295943731790493159e-01 0.000000000000000000e+00 1.357389753419792733e+00 1.233617037815167183e+00 1.000000000000000000e+00 1.000000000000000000e+00
1.679682180945927250e-01 3.034294199588654095e-01 0.000000000000000000e+00 -5.720959690231404160e-01 4.251052143707735320e-01 1.000000000000000000e+00 1.000000000000000000e+00
3.978366537143569470e-01 3.108336448339188429e-03 0.000000000000000000e+00 1.089722291672292065e-01 -6.890313490422824705e-01 1.000000000000000000e+00 4.000000000000000000e+00
6.748262170180360231e-01 3.048510604513032796e-02 0.000000000000000000e+00 1.157795099334335331e+00 6.042804168608816306e-01 1.000000000000000000e+00 4.000000000000000000e+00
3.931042412500995731e-02 8.038810917835884640e-01 0.000000000000000000e+00 5.820232609097176768e-01 1.321532303304526756e+00 1.000000000000000000e+00 1.000000000000000000e+00
5.096525834909113595e-01 9.153999365717732095e-01 0.000000000000000000e+00 -2.356329153598006876e-01 8.314384858765571096e-01 1.000000000000000000e+00 3.000000000000000000e+00
5.284746267976770939e-01 2.336701590303622567e-01 0.000000000000000000e+00 1.041025625290481926e+00 -3.138620080101037768e-01 1.000000000000000000e+00 5.000000000000000000e+00
4.269919778527979659e-01 1.196290667814609021e-01 0.000000000000000000e+00 3.460850586194558209e-01 8.652523432556932237e-01 1.000000000000000000e+00 8.000000000000000000e+00
1.513425169267627046e-01 8.202595057997117411e-01 0.000000000000000000e+00 7.288209498308094725e-01 3.417005653015884326e-01 1.000000000000000000e+00 1.100000000000000000e+01
8.551698913966566673e-01 3.891911380945817234e-01 0.000000000000000000e+00 1.174794419074415730e+00 -2.892925841175060242e-01 1.000000000000000000e+00 2.000000000000000000e+01
3.231143195337996543e-01 8.657853041922456416e-01 0.000000000000000000e+00 9.180752304933890162e-01 4.091437440708133311e-01 1.000000000000000000e+00 1.200000000000000000e+01
4.131658787399393740e-01 9.153721869891489060e-01 0.000000000000000000e+00 1.030957001275755403e+00 1.340618149834108097e+00 1.000000000000000000e+00 1.000000000000000000e+01
2.087820725890346951e-01 5.335623634068538124e-01 0.000000000000000000e+00 9.026822595610550781e-01 8.181717984581099445e-01 1.000000000000000000e+00 8.000000000000000000e+00
1.221959441889763909e-02 3.959031436881167432e-01 0.000000000000000000e+00 -7.322305119899403802e-01 4.869747587384155030e-01 1.000000000000000000e+00 2.500000000000000000e+01
3.199171637842580518e-01 3.248433364649604416e-01 0.000000000000000000e+00 2.794656256023070329e-01 1.073751657328545273e+00 1.000000000000000000e+00 1.000000000000000000e+00
1.512211265623204515e-01 2.135207629002580099e-01 0.000000000000000000e+00 -1.601448385492905135e-01 -4.687923879110942327e-01 1.000000000000000000e+00 2.100000000000000000e+01
1.098357380815389028e-01 2.826816096700801584e-02 0.000000000000000000e+00 7.672050145213357153e-01 -3.327936542295285571e-01 1.000000000000000000e+00 5.000000000000000000e+00
7.095499305015799951e-01 4.091194600755299060e-01 0.000000000000000000e+00 6.205928497956679779e-01 1.153825199137799906e+00 1.000000000000000000e+00 1.000000000000000000e+01
5.048717715096747716e-01 8.104032109219166946e-01 0.000000000000000000e+00 1.243747587285040535e+00 9.390986998183342704e-01 1.000000000000000000e+00 2.200000000000000000e+01
5.099211614251936142e-01 7.327685533965021536e-01 0.000000000000000000e+00 7.733938027813038740e-01 1.434966650272899713e+00 1.000000000000000000e+00 4.000000000000000000e+00
1.548589632021908358e-01 2.799106094935462918e-01 0.000000000000000000e+00 -1.514475766368295062e-02 -4.505678192719840824e-01 1.000000000000000000e+00 1.400000000000000000e+01
2.693635510811128730e-01 7.829900575035542154e-01 0.000000000000000000e+00 -9.690796370676163507e-02 1.285092117525148403e-01 1.000000000000000000e+00 7.000000000000000000e+00
5.811347728035105575e-01 3.382015683678659679e-01 0.000000000000000000e+00 1.176983090456336090e-01 -2.514819434073862769e-01 1.000000000000000000e+00 1.000000000000000000e+01
4.258315563069005050e-01 7.536983672032426806e-01 0.000000000000000000e+00 -1.318129204357785245e-01 2.521680714499515696e-01 1.000000000000000000e+00 4.000000000000000000e+00
1.493077183929392149e-01 6.379337434383047789e-01 0.000000000000000000e+00 3.220516468226979345e-01 1.367769022929954392e+00 1.000000000000000000e+00 5.000000000000000000e+00
1.610496279014039800e-01 1.664815527241658710e-02 0.000000000000000000e+00 1.637901658589608622e-01 -7.333468376786718146e-01 1.000000000000000000e+00 5.000000000000000000e+00
1.079791092103418171e-01 5.902299370897470254e-01 0.000000000000000000e+00 -4.612988134307363097e-01 1.078515352388482729e+00 1.000000000000000000e+00 2.000000000000000000e+00
8.565880192824426587e-01 8.239068969355580752e-01 0.000000000000000000e+00 5.364060820359108916e-01 1.502127751127655397e+00 1.000000000000000000e+00 1.000000000000000000e+01
2.829305945001154843e-01 3.195985547884674371e-01 0.000000000000000000e+00 -4.309301068411401925e-01 5.496048570511895548e-01 1.000000000000000000e+00 1.500000000000000000e+01
8.946828114463110104e-01 9.185560301861247501e-01 0.000000000000000000e+00 1.571061545243317648e+00 5.945007749175857947e-01 1.000000000000000000e+00 1.000000000000000000e+00
8.006658289744735812e-01 4.816916593373792299e-01 0.000000000000000000e+00 1.018942090782938292e+00 -2.358426419548464992e-01 1.000000000000000000e+00 2.600000000000000000e+01
7.372388215600469419e-01 7.180780098916295096e-01 0.000000000000000000e+00 1.230041681216817118e+00 1.283449871160042610e+00 1.000000000000000000e+00 1.100000000000000000e+01
7.747541876671532046e-01 3.613800172143888378e-01 0.000000000000000000e+00 3.731424294090361915e-01 -2.720297992779227014e-01 1.000000000000000000e+00 1.200000000000000000e+01
5.736365066989450590e-01 6.748467289914196199e-01 0.000000000000000000e+00 1.237448523468475559e+00 1.023922088179616274e+00 1.000000000000000000e+00 4.900000000000000000e+01
6.188825561540759468e-01 7.424956098910008295e-01 0.000000000000000000e+00 1.361332709972332022e+00 6.363458614445353101e-01 1.000000000000000000e+00 4.500000000000000000e+01
3.497078608405164157e-01 3.907446312573898961e-01 0.000000000000000000e+00 2.444280787499980012e-01 1.133318646075423430e+00 1.000000000000000000e+00 6.400000000000000000e+01
5.128498625862576432e-02 1.858484452336207626e-01 0.000000000000000000e+00 -6.853444992062014407e-01 3.268342641794423353e-01 1.000000000000000000e+00 1.300000000000000000e+01
8.380201760309787806e-01 9.461214416894371260e-01 0.000000000000000000e+00 1.491671937045708329e+00 1.313870507388240405e+00 1.000000000000000000e+00 2.200000000000000000e+01
5.884213263212123568e-02 3.287952426205207335e-01 0.000000000000000000e+00 -6.709373710694034321e-01 5.017746517337341450e-01 1.000000000000000000e+00 3.000000000000000000e+01
6.995387316700599767e-01 9.798849337474277998e-01 0.000000000000000000e+00 1.131577530603083970e-01 1.447493047368941133e+00 1.000000000000000000e+00 4.400000000000000000e+01
7.882551517219954507e-01 7.988127766700177101e-01 0.000000000000000000e+00 1.392205466565510807e+00 1.243496953587095444e+00 1.000000000000000000e+00 1.000000000000000000e+01
7.576858401856054748e-01 6.222569533936441744e-01 0.000000000000000000e+00 1.066206715944939543e-01 9.945661612403309260e-01 1.000000000000000000e+00 1.200000000000000000e+01
6.106992544605110984e-01 3.717424422669616257e-01 0.000000000000000000e+00 9.358804692487281418e-01 1.047580571961387541e+00 1.000000000000000000e+00 2.000000000000000000e+00
8.505799291463332912e-01 8.555988237336018543e-01 0.000000000000000000e+00 1.393262532300331369e+00 1.373281730766469089e+00 1.000000000000000000e+00 2.000000000000000000e+01
9.577281608607930430e-01 2.562410734198168338e-01 0.000000000000000000e+00 2.246479038030413378e-01 4.146498380515151738e-01 1.000000000000000000e+00 2.000000000000000000e+00
1.440041902477262603e-03 2.227505828996446668e-01 0.000000000000000000e+00 -7.191308753477897442e-01 4.307831601876956351e-01 1.000000000000000000e+00 1.600000000000000000e+01
3.864507451390158943e-01 1.387378030494684777e-01 0.000000000000000000e+00 2.681205737284242385e-01 8.793442913642414149e-01 1.000000000000000000e+00 5.000000000000000000e+00
7.916160878104672172e-02 5.499482843687132361e-01 0.000000000000000000e+00 -6.282242400468690535e-01 3.007390131166005620e-01 1.000000000000000000e+00 2.600000000000000000e+01
1.619412997134896948e-01 4.322613381313489267e-01 0.000000000000000000e+00 6.750285021175361777e-02 1.176291834317968910e+00 1.000000000000000000e+00 1.180000000000000000e+02
9.483958952735264125e-01 6.982007983424751707e-01 0.000000000000000000e+00 1.682353693655851856e+00 8.524925680314963117e-01 1.000000000000000000e+00 1.320000000000000000e+02
7.187928836194068527e-02 9.752888209771736205e-01 0.000000000000000000e+00 -5.690767559635976358e-01 1.364744016400933013e+00 1.000000000000000000e+00 6.000000000000000000e+00
5.527416175831911804e-02 6.671486030418039004e-02 0.000000000000000000e+00 7.145098468389013968e-01 -2.909278545892385326e-01 1.000000000000000000e+00 2.000000000000000000e+00
6.605836178655513091e-01 8.849234169603972244e-01 0.000000000000000000e+00 9.157771154050069473e-01 1.590172506866637248e+00 1.000000000000000000e+00 1.030000000000000000e+02
9.051017865879601443e-01 8.768593905726795867e-01 0.000000000000000000e+00 1.649886332231722985e+00 7.885645403818910548e-01 1.000000000000000000e+00 6.000000000000000000e+00
3.907566758267875251e-01 6.590710979672879111e-01 0.000000000000000000e+00 9.058722856217531483e-01 1.204191184320341446e+00 1.000000000000000000e+00 2.900000000000000000e+01
8.097995918497079559e-01 8.061541456240117753e-02 0.000000000000000000e+00 1.538120808126624883e+00 2.596355417015365763e-01 1.000000000000000000e+00 6.400000000000000000e+01
9.308903567234700915e-01 5.085384537970440988e-01 0.000000000000000000e+00 1.315142905078475977e+00 1.152626940794509114e+00 1.000000000000000000e+00 1.230000000000000000e+02
5.024902529192416534e-01 2.286446054903913394e-01 0.000000000000000000e+00 -2.408278238666914373e-01 3.285357298371600621e-01 1.000000000000000000e+00 2.400000000000000000e+01
7.778933158689843586e-01 4.941666598275983313e-01 0.000000000000000000e+00 3.113395508544561374e-01 -9.305355810666904315e-02 1.000000000000000000e+00 8.200000000000000000e+01
4.310707534254862860e-01 2.419376713740870599e-01 0.000000000000000000e+00 -3.163660643565359143e-01 3.038909071562813091e-01 1.000000000000000000e+00 9.300000000000000000e+01
7.722672841732745042e-01 9.485898448376238745e-01 0.000000000000000000e+00 6.080660775755033498e-01 1.680394438805054680e+00 1.000000000000000000e+00 2.340000000000000000e+02
6.685726964267897365e-01 9.182200382825995710e-01 0.000000000000000000e+00 1.276174409416489741e+00 1.357901921434478076e+00 1.000000000000000000e+00 4.300000000000000000e+01
4.568775609370319124e-01 4.938580334914335346e-01 0.000000000000000000e+00 2.383917839455173826e-01 1.211328566163273779e+00 1.000000000000000000e+00 6.300000000000000000e+01
9.842916771856657920e-02 4.382537636685567284e-01 0.000000000000000000e+00 -1.664321480690561517e-01 1.139929246637178872e+00 1.000000000000000000e+00 5.300000000000000000e+01
4.032656895803000685e-01 3.135426340395597311e-02 0.000000000000000000e+00 3.434571336600213964e-01 7.789657511693132141e-01 1.000000000000000000e+00 5.600000000000000000e+01
6.400597743479701229e-01 1.015641711607423447e-01 0.000000000000000000e+00 -1.099398925976594610e-01 1.022709819166348344e-01 1.000000000000000000e+00 5.500000000000000000e+01
7.809286247989333241e-01 5.881284615379310798e-01 0.000000000000000000e+00 1.085140676183378394e+00 1.273661121440045285e+00 1.000000000000000000e+00 6.100000000000000000e+01
7.757664798298472553e-01 7.222181735486259413e-01 0.000000000000000000e+00 1.118711244102368552e+00 1.389218090083901735e+00 1.000000000000000000e+00 1.000000000000000000e+00
9.983673646969893900e-01 4.334913828363757826e-01 0.000000000000000000e+00 1.590651648358998749e+00 8.935993346552726369e-01 1.000000000000000000e+00 1.220000000000000000e+02
7.384294504348030141e-01 5.769546574745151313e-01 0.000000000000000000e+00 1.148805921684604492e+00 1.204721454816140014e+00 1.000000000000000000e+00 8.500000000000000000e+01
6.548217341569763095e-01 6.769499311778892636e-02 0.000000000000000000e+00 4.251944540735741462e-03 4.408691466154295302e-01 1.000000000000000000e+00 4.100000000000000000e+01
3.344220766544607759e-01 9.999503449279776301e-01 0.000000000000000000e+00 4.367519208979078194e-01 1.742936618675421601e+00 1.000000000000000000e+00 6.700000000000000000e+01
7.653728302533865380e-01 6.134307880166722793e-02 0.000000000000000000e+00 1.238830785918201727e+00 -5.203248369524114958e-01 1.000000000000000000e+00 4.000000000000000000e+00
1.390956623425060323e-01 3.985097381152644669e-01 0.000000000000000000e+00 1.083256361277113167e-01 1.147878275943442050e+00 1.000000000000000000e+00 1.340000000000000000e+02
6.377750436545467361e-01 7.205579773916805930e-01 0.000000000000000000e+00 1.386394760718979491e+00 6.750770009029504193e-01 1.000000000000000000e+00 1.800000000000000000e+01
5.683127237466357728e-01 7.697042717585703686e-01 0.000000000000000000e+00 1.127997898834724122e+00 1.268956216959203465e+00 1.000000000000000000e+00 2.900000000000000000e+01
1.855902102342915638e-01 2.646974175453117306e-01 0.000000000000000000e+00 -3.228011922787129562e-01 8.160939915742589923e-01 1.000000000000000000e+00 8.200000000000000000e+01
8.945048787063187845e-01 2.722339687016499532e-01 0.000000000000000000e+00 2.007157011480973363e-01 5.571139032408988223e-01 1.000000000000000000e+00 1.200000000000000000e+01
2.848110330675998059e-01 6.509480475619695561e-01 0.000000000000000000e+00 -4.651889616533055882e-01 6.508590608113340448e-01 1.000000000000000000e+00 1.370000000000000000e+02
3.819315326134568034e-01 8.927661455783980626e-01 0.000000000000000000e+00 1.010327192852745970e+00 1.302179010779808133e+00 1.000000000000000000e+00 4.000000000000000000e+00
8.024551453628651076e-01 4.222552937538963658e-01 0.000000000000000000e+00 4.040506634955619569e-01 -2.131767394550423411e-01 1.000000000000000000e+00 1.660000000000000000e+02
2.763065931202813852e-01 6.250916602914027287e-01 0.000000000000000000e+00 -1.479391871772409717e-01 6.613271097611783667e-03 1.000000000000000000e+00 2.320000000000000000e+02
5.295792680951232345e-01 4.355586286874237878e-01 0.000000000000000000e+00 -1.823810853555433154e-01 6.713815603849200286e-01 1.000000000000000000e+00 1.560000000000000000e+02
5.774043478135422180e-01 9.950572785446303303e-01 0.000000000000000000e+00 6.092856607839203242e-03 1.480961775350654985e+00 1.000000000000000000e+00 9.000000000000000000e+00
2.373252876022191593e-03 5.485281025269312938e-01 0.000000000000000000e+00 -6.138902835681795400e-01 9.759848297512038195e-01 1.000000000000000000e+00 3.300000000000000000e+01
7.723425592411971019e-01 1.767733341468796793e-01 0.000000000000000000e+00 9.430341286963012104e-01 9.070913389344882338e-01 1.000000000000000000e+00 4.700000000000000000e+01
6.016985439959688931e-01 2.917079825358107614e-01 0.000000000000000000e+00 1.166373135367475999e+00 -2.018936846609498126e-01 1.000000000000000000e+00 1.980000000000000000e+02
8.637579073200637447e-01 7.952133721936542887e-01 0.000000000000000000e+00 1.311105824517245111e+00 1.397193306227458853e+00 1.000000000000000000e+00 3.700000000000000000e+02
1.319132481034621662e-01 3.704088157722388308e-01 0.000000000000000000e+00 -4.962254143693523023e-01 7.802158687945892623e-01 1.000000000000000000e+00 1.420000000000000000e+02
8.623218762710441743e-01 6.499746132438910529e-02 0.000000000000000000e+00 1.588487894672698797e+00 2.525685510975413939e-01 1.000000000000000000e+00 9.000000000000000000e+00
5.034247170773628044e-01 8.856955674283748525e-01 0.000000000000000000e+00 9.376434780314202300e-01 1.497213406608494779e+00 1.000000000000000000e+00 7.000000000000000000e+01
1.502297703060431200e-01 7.927150243926425199e-01 0.000000000000000000e+00 -1.962962439603845866e-01 1.275686334104592090e-01 1.000000000000000000e+00 3.410000000000000000e+02
4.036448497868019292e-01 6.051258500862667367e-01 0.000000000000000000e+00 1.143131280358357316e+00 7.302650485835413541e-01 1.000000000000000000e+00 2.600000000000000000e+02
2.677513164072428120e-01 4.837530799297101725e-01 0.000000000000000000e+00 8.684008333567410087e-01 9.328857527429164076e-01 1.000000000000000000e+00 1.400000000000000000e+01
8.018190390883161989e-02 8.335185342937847519e-01 0.000000000000000000e+00 7.265224566917311000e-01 1.213970751830094841e+00 1.000000000000000000e+00 5.600000000000000000e+01
6.833272368905689564e-01 6.878220722935854958e-01 0.000000000000000000e+00 3.960258117236096220e-01 -4.967860584364269805e-03 1.000000000000000000e+00 3.160000000000000000e+02
4.378060558287134585e-01 8.512443525449988613e-01 0.000000000000000000e+00 1.022045939257672842e+00 1.321524863103236136e+00 1.000000000000000000e+00 4.460000000000000000e+02
4.292275075990640287e-01 9.600112561589502214e-02 0.000000000000000000e+00 2.429588072282540812e-01 8.225023102413362430e-01 1.000000000000000000e+00 3.890000000000000000e+02
1.110933633311916857e-02 4.660967827965825094e-01 0.000000000000000000e+00 -4.424606339647630948e-01 1.063402635809909569e+00 1.000000000000000000e+00 4.040000000000000000e+02
5.475956815861208193e-01 6.187536123296238921e-01 0.000000000000000000e+00 4.675998843589876941e-01 -1.269679660265313759e-01 1.000000000000000000e+00 1.040000000000000000e+02
9.140452770978629848e-01 7.488500231178091271e-01 0.000000000000000000e+00 3.931645663434094606e-01 2.092360081367902191e-01 1.000000000000000000e+00 5.000000000000000000e+01
1.984400526597981385e-01 4.962592262010357969e-01 0.000000000000000000e+00 7.926925455412018318e-01 9.538223089603830029e-01 1.000000000000000000e+00 1.266000000000000000e+03
8.186257894298883953e-01 9.252533701801585186e-01 0.000000000000000000e+00 1.426335832148418525e+00 4.857212280346239752e-01 1.000000000000000000e+00 1.160000000000000000e+02
8.479317628876642532e-01 8.853562278229487603e-01 0.000000000000000000e+00 1.391945369772524144e+00 1.401640253843631667e+00 1.000000000000000000e+00 2.770000000000000000e+02
4.742104574874597134e-01 6.320760661116836543e-01 0.000000000000000000e+00 8.248156934382990801e-01 1.295081321387881346e+00 1.000000000000000000e+00 5.400000000000000000e+01
2.522339678907672411e-01 3.437209648093660919e-01 0.000000000000000000e+00 -4.973174189584168570e-01 3.696577817394501864e-01 1.000000000000000000e+00 8.670000000000000000e+02
7.768307484183258893e-01 1.076366101031349665e-01 0.000000000000000000e+00 1.212808556218091249e+00 -5.026283742324493264e-01 1.000000000000000000e+00 3.490000000000000000e+02
3.438374641264901888e-01 5.461433276392207992e-01 0.000000000000000000e+00 1.093823181051292170e+00 5.415146767784840831e-01 1.000000000000000000e+00 1.200000000000000000e+01
4.818963594133141015e-01 4.103977868410291219e-01 0.000000000000000000e+00 -2.545915062635361048e-01 5.521215452965466675e-01 1.000000000000000000e+00 1.010000000000000000e+02
5.221042287941799476e-01 2.699825781078583065e-01 0.000000000000000000e+00 3.701284006534259485e-01 1.004423418244714927e+00 1.000000000000000000e+00 5.960000000000000000e+02
7.931112260921509005e-01 2.896092698426561141e-01 0.000000000000000000e+00 1.242954065717859713e+00 -3.105085682837228633e-01 1.000000000000000000e+00 4.930000000000000000e+02
9.336600545283045838e-01 1.279747300595027726e-01 0.000000000000000000e+00 1.538226368524214349e+00 -3.158716081944012988e-01 1.000000000000000000e+00 6.520000000000000000e+02
3.935750908192252595e-01 8.496026795440148049e-01 0.000000000000000000e+00 1.009742931973998115e+00 1.277197337516570386e+00 1.000000000000000000e+00 7.370000000000000000e+02
5.837989591265267952e-01 3.999195752435127371e-01 0.000000000000000000e+00 -1.329674568259708867e-02 8.537661564782903501e-01 1.000000000000000000e+00 9.890000000000000000e+02
5.720258318369525474e-01 1.033176069482237835e-01 0.000000000000000000e+00 -1.226661394649987136e-01 3.859889090087778585e-01 1.000000000000000000e+00 4.160000000000000000e+02
1.143591877857753625e-01 6.530744327924975501e-02 0.000000000000000000e+00 -1.132262039924274433e-01 7.799436370514108985e-01 1.000000000000000000e+00 2.430000000000000000e+02
9.765755367912145601e-01 9.986878211456196031e-01 0.000000000000000000e+00 4.615644312260578364e-01 1.543906640652572104e+00 1.000000000000000000e+00 1.880000000000000000e+02
8.289573493187497588e-01 3.531387698656839325e-01 0.000000000000000000e+00 1.871824229815733931e-01 -3.496552529853075297e-02 1.000000000000000000e+00 3.070000000000000000e+02
2.221074853905172786e-01 1.662590901657671205e-01 0.000000000000000000e+00 3.914469096814150451e-01 8.968918018484752785e-01 1.000000000000000000e+00 2.200000000000000000e+02
1.109877514083441596e-01 6.440465059768543110e-01 0.000000000000000000e+00 -5.384927326682467097e-01 1.019113301099586089e+00 1.000000000000000000e+00 3.020000000000000000e+02
9.489978869746480417e-01 6.558854634289839058e-01 0.000000000000000000e+00 6.314513977834095293e-01 1.335344238633424663e+00 1.000000000000000000e+00 2.030000000000000000e+02
3.942050061097051028e-01 2.819814367625709250e-01 0.000000000000000000e+00 -1.748534472312905930e-01 7.705226087032313043e-01 1.000000000000000000e+00 1.640000000000000000e+02
6.824712884627301968e-01 4.391247319400352067e-01 0.000000000000000000e+00 6.983623555517203263e-01 1.188956362365674924e+00 1.000000000000000000e+00 2.990000000000000000e+02
5.349178408519975614e-01 4.089802821883292694e-01 0.000000000000000000e+00 -1.815421556008601778e-01 6.307573627957965279e-01 1.000000000000000000e+00 2.710000000000000000e+02
1.477281704054184130e-01 3.250929708484793235e-01 0.000000000000000000e+00 -5.486372666998636793e-01 6.036161799445425302e-01 1.000000000000000000e+00 1.891000000000000000e+03
8.969141066707363441e-01 8.933061179666701435e-02 0.000000000000000000e+00 3.406104834316715513e-01 5.923477872202191907e-01 1.000000000000000000e+00 3.520000000000000000e+02
8.204197604852417891e-01 6.599399646811195952e-01 0.000000000000000000e+00 6.152239973682174234e-01 1.381323842237876409e+00 1.000000000000000000e+00 4.530000000000000000e+02
7.507127692402545405e-01 9.767599393126701335e-01 0.000000000000000000e+00 1.936555441503936548e-01 1.478942424048233395e+00 1.000000000000000000e+00 4.170000000000000000e+02
5.432326215194192010e-01 6.483151593975567950e-01 0.000000000000000000e+00 1.151132050388233408e+00 1.087585331821054435e+00 1.000000000000000000e+00 1.081000000000000000e+03
7.652264713093596127e-01 5.714326500537973974e-01 0.000000000000000000e+00 8.491414733853553942e-01 -1.738580800821580841e-01 1.000000000000000000e+00 2.254000000000000000e+03
9.520958954798075524e-02 6.138496652377956053e-01 0.000000000000000000e+00 -5.496183416683901868e-01 9.968600294881840851e-01 1.000000000000000000e+00 3.390000000000000000e+02
4.803789327377573359e-01 2.524689623486005008e-01 0.000000000000000000e+00 1.587251964692216188e-01 9.299930386326032972e-01 1.000000000000000000e+00 5.290000000000000000e+02
1.210514929856325583e-01 4.587355027014561326e-02 0.000000000000000000e+00 7.835018661307668886e-01 -3.057789815277532908e-01 1.000000000000000000e+00 4.370000000000000000e+02
6.544575133440889703e-01 2.130119849837457391e-01 0.000000000000000000e+00 7.612333217122135842e-02 6.905364083246976481e-01 1.000000000000000000e+00 1.074000000000000000e+03
1.594978039889271004e-01 5.722328582403770625e-01 0.000000000000000000e+00 -3.935047040454392464e-01 1.078876940518755712e+00 1.000000000000000000e+00 8.100000000000000000e+02
7.254841177982451761e-02 9.872406117662158032e-02 0.000000000000000000e+00 -3.383715009896459680e-01 7.261352702648324886e-01 1.000000000000000000e+00 7.700000000000000000e+02
4.437111503849962002e-01 7.135477502802769489e-01 0.000000000000000000e+00 3.864306641480900195e-01 1.461357181817793505e+00 1.000000000000000000e+00 5.310000000000000000e+02
2.660863887294356855e-01 3.881768279572657132e-01 0.000000000000000000e+00 -2.629083735817501211e-01 9.198388836348663222e-01 1.000000000000000000e+00 1.590000000000000000e+02
4.822731360189036476e-02 1.691688899688437164e-02 0.000000000000000000e+00 -1.980845593328516008e-01 7.253168192985322005e-01 1.000000000000000000e+00 2.130000000000000000e+02
2.753914144674706188e-01 1.978173206826490116e-01 0.000000000000000000e+00 5.230950791552675394e-01 9.057317890333357324e-01 1.000000000000000000e+00 9.400000000000000000e+01
8.558041902812637547e-01 3.346463273562251262e-01 0.000000000000000000e+00 2.335142187869051478e-01 7.532812415446505927e-01 1.000000000000000000e+00 1.063000000000000000e+03
1.556240827302712848e-01 2.455272505896307633e-01 0.000000000000000000e+00 -1.856971927818837353e-02 -4.839633383433845637e-01 1.000000000000000000e+00 1.735000000000000000e+03
8.078659531128137283e-01 6.182094140980861630e-01 0.000000000000000000e+00 2.326204364629825827e-01 1.099450097721435871e+00 1.000000000000000000e+00 8.290000000000000000e+02
1.111877044789570945e-01 5.584504170642243803e-01 0.000000000000000000e+00 -4.161819345519557345e-01 1.091724515280521279e+00 1.000000000000000000e+00 7.700000000000000000e+01
3.138780874408995114e-01 1.640738242820898307e-01 0.000000000000000000e+00 -2.670680701016328040e-01 6.384171198356027865e-01 1.000000000000000000e+00 1.560000000000000000e+03
2.366327087514953353e-01 9.917215691683982648e-01 0.000000000000000000e+00 4.079377997418800472e-01 1.721895908487971916e+00 1.000000000000000000e+00 1.640000000000000000e+02
9.538332831089819663e-01 8.187066514224389246e-01 0.000000000000000000e+00 1.558332701098722683e+00 1.262644094819664220e+00 1.000000000000000000e+00 8.500000000000000000e+01
6.819487718973742396e-01 8.324698448181638843e-01 0.000000000000000000e+00 1.263719678327932971e+00 1.305801242922035588e+00 1.000000000000000000e+00 3.390000000000000000e+02
5.291470510523399451e-02 8.205495309004307014e-01 0.000000000000000000e+00 5.840073967209753469e-01 1.350115912870006873e+00 1.000000000000000000e+00 2.948000000000000000e+03
7.036184725656047245e-01 9.131959337117343534e-01 0.000000000000000000e+00 1.287918564213796468e+00 1.383401636463109874e+00 1.000000000000000000e+00 6.000000000000000000e+01
5.758678683167295365e-02 2.152774111095764331e-01 0.000000000000000000e+00 5.707277925407331365e-01 7.622566687235139415e-01 1.000000000000000000e+00 9.900000000000000000e+01
8.478555746304105023e-01 5.500112396797648406e-01 0.000000000000000000e+00 8.327676327323645378e-01 -1.998369809684414911e-01 1.000000000000000000e+00 9.340000000000000000e+02
7.722069180880040129e-01 1.048424508202183691e-02 0.000000000000000000e+00 1.354850186519720889e+00 -4.617729112970069272e-01 1.000000000000000000e+00 3.000000000000000000e+01
7.136576809137028521e-01 5.259165637454031872e-01 0.000000000000000000e+00 5.124275931560227093e-01 1.248416703386245441e+00 1.000000000000000000e+00 5.990000000000000000e+02
3.710632194567673459e-01 4.539174981950108156e-01 0.000000000000000000e+00 -3.415987933329658333e-01 6.876114337741914273e-01 1.000000000000000000e+00 1.070000000000000000e+03
4.243206805581987151e-01 2.325715936722705379e-02 0.000000000000000000e+00 -3.229746575221360549e-01 8.689423726524381220e-02 1.000000000000000000e+00 8.972000000000000000e+03
5.352969945457126677e-01 3.787802502375154923e-01 0.000000000000000000e+00 1.134227191448987426e+00 8.302031331725795438e-01 1.000000000000000000e+00 6.530000000000000000e+02
3.973724584418925065e-01 2.354974093205991492e-01 0.000000000000000000e+00 -3.515732656767347475e-01 2.752504258655735225e-01 1.000000000000000000e+00 3.048000000000000000e+03
5.556973336449705370e-01 2.494632147407408462e-01 0.000000000000000000e+00 1.577585945022766944e-01 8.851870226082164672e-01 1.000000000000000000e+00 2.068000000000000000e+03
9.140015785208810417e-01 9.870670178270223305e-01 0.000000000000000000e+00 3.501489190187083711e-01 1.481607388648583212e+00 1.000000000000000000e+00 1.195600000000000000e+04
1.551222145588828649e-01 9.344903842519484138e-01 0.000000000000000000e+00 8.490322737335079806e-01 1.219075748907737289e+00 1.000000000000000000e+00 2.817000000000000000e+03
2.773100833803006093e-01 1.470663402983451995e-02 0.000000000000000000e+00 4.129437165895913364e-01 7.523403626122845411e-01 1.000000000000000000e+00 3.800000000000000000e+02
6.191381528776789267e-01 8.754202686264241917e-01 0.000000000000000000e+00 9.423503615687023327e-01 1.552202263180852526e+00 1.000000000000000000e+00 1.458000000000000000e+03
5.452437423391304216e-01 9.561616860341571877e-01 0.000000000000000000e+00 -1.088839458206103394e-02 1.459368448988977995e+00 1.000000000000000000e+00 1.381000000000000000e+03
1.961734253531380867e-01 4.251233557267696250e-01 0.000000000000000000e+00 -5.532931309176551959e-01 3.968411876415990913e-01 1.000000000000000000e+00 3.946000000000000000e+03
7.386634256172538437e-01 4.940084914925968462e-01 0.000000000000000000e+00 7.375735991914412759e-01 1.244007699677753376e+00 1.000000000000000000e+00 1.749000000000000000e+03
8.289861826201597728e-01 8.156899641301553761e-01 0.000000000000000000e+00 1.175302384988572868e+00 1.504343080270897914e-01 1.000000000000000000e+00 2.062000000000000000e+03
4.880190080913815454e-02 8.793685344845831864e-01 0.000000000000000000e+00 -7.815017074961980170e-02 1.618545895830924675e+00 1.000000000000000000e+00 6.830000000000000000e+02
4.827274964638541555e-01 7.658615773687450501e-01 0.000000000000000000e+00 5.152510832019463471e-01 1.656709833817748834e-02 1.000000000000000000e+00 1.340100000000000000e+04
9.129804876944536129e-01 2.601233445012252066e-02 0.000000000000000000e+00 1.487271939161165069e+00 5.083911573396208139e-01 1.000000000000000000e+00 5.000000000000000000e+00
9.989233571552236235e-03 7.819250798485626319e-01 0.000000000000000000e+00 7.595013513442779862e-01 7.548772460749738622e-01 1.000000000000000000e+00 4.879000000000000000e+03
3.403280361863830761e-01 8.191981389783817846e-01 0.000000000000000000e+00 9.962126663585352260e-01 1.182949911350612782e+00 1.000000000000000000e+00 5.499000000000000000e+03
4.962203037944526995e-01 9.944788519419662798e-01 0.000000000000000000e+00 1.989223518344866992e-01 1.683038165117243690e+00 1.000000000000000000e+00 2.687200000000000000e+04
7.170682219532549251e-01 4.738559083988844733e-01 0.000000000000000000e+00 8.035041924562857929e-01 1.218858474168425410e+00 1.000000000000000000e+00 1.619500000000000000e+04
5.970200775486885769e-01 4.860019922186418206e-01 0.000000000000000000e+00 5.686356844319264692e-01 1.235464683903420235e+00 1.000000000000000000e+00 3.901000000000000000e+03
5.789519929490610783e-01 7.247975858306681118e-01 0.000000000000000000e+00 -5.411734554702840594e-02 1.126945832943748949e+00 1.000000000000000000e+00 5.003000000000000000e+03
3.033673993224289545e-01 5.955295404741850485e-01 0.000000000000000000e+00 2.493415309633309485e-01 1.343581146680632221e+00 1.000000000000000000e+00 4.400000000000000000e+02
4.920641099538197727e-01 3.636739344627459847e-01 0.000000000000000000e+00 -2.336452613772891374e-01 5.530040914959211129e-01 1.000000000000000000e+00 2.160000000000000000e+03
2.585952989506781208e-01 8.137691890660683214e-01 0.000000000000000000e+00 1.002246611195658499e+00 7.163899007326715029e-01 1.000000000000000000e+00 1.066300000000000000e+04
6.503178315922949482e-01 6.702858776130130591e-01 0.000000000000000000e+00 4.461442789150160682e-01 -5.138798251158538388e-02 1.000000000000000000e+00 2.405000000000000000e+03
8.972320923802354908e-01 1.592337174281941437e-01 0.000000000000000000e+00 2.508352424833512062e-01 5.395902770448054442e-01 1.000000000000000000e+00 4.113000000000000000e+03
6.669592110554320996e-01 4.921109316686000934e-02 0.000000000000000000e+00 1.221725709911163360e-01 5.646793432147496627e-01 1.000000000000000000e+00 1.053000000000000000e+03
8.694320081980250192e-01 7.526414736851110288e-01 0.000000000000000000e+00 1.460423165406817159e+00 1.214409220611001095e+00 1.000000000000000000e+00 4.303000000000000000e+03
4.429088146927507852e-01 6.371068293969145424e-01 0.000000000000000000e+00 -3.065788533291676776e-01 6.648238906240071522e-01 1.000000000000000000e+00 3.576000000000000000e+03
2.784149225441198139e-01 9.744039632076754165e-01 0.000000000000000000e+00 1.587675886880465792e-01 2.340091256371171768e-01 1.000000000000000000e+00 1.308000000000000000e+03
7.512987402543073179e-01 1.101023468261670413e-01 0.000000000000000000e+00 1.374577222643685870e-01 5.410306525025008195e-01 1.000000000000000000e+00 7.771000000000000000e+03
8.712525650889498818e-01 3.682184524307722251e-01 0.000000000000000000e+00 1.175549970013839207e+00 -3.172763246142306093e-01 1.000000000000000000e+00 1.317200000000000000e+04
1.381995286981069215e-01 2.986825235801684464e-01 0.000000000000000000e+00 -6.106986056074553693e-01 3.393222139535935211e-01 1.000000000000000000e+00 3.790000000000000000e+02
8.100909657729227220e-02 3.463441852264842469e-01 0.000000000000000000e+00 -5.099356814269748739e-01 8.081712842034578514e-01 1.000000000000000000e+00 7.960000000000000000e+02
5.559319915174782967e-01 3.371469566568406906e-01 0.000000000000000000e+00 2.231202751924510341e-02 8.641666280378285103e-01 1.000000000000000000e+00 1.481700000000000000e+04
5.206570397361955926e-01 1.373358945108040796e-01 0.000000000000000000e+00 -2.172456081206919354e-01 3.172999916977559121e-03 1.000000000000000000e+00 4.925000000000000000e+03
4.738363435320680495e-01 5.725372923927329882e-01 0.000000000000000000e+00 7.452268164818042218e-01 1.271713386944111734e+00 1.000000000000000000e+00 5.070000000000000000e+02
2.445801827380766902e-01 9.350542080573764903e-01 0.000000000000000000e+00 8.081969915969859919e-01 4.402450602319753492e-01 1.000000000000000000e+00 1.095600000000000000e+04
4.846450863595079817e-01 3.060062784630905863e-01 0.000000000000000000e+00 -2.652177912383312242e-01 3.203472965820425289e-01 1.000000000000000000e+00 9.690000000000000000e+02
2.483751216472732670e-01 4.752968093910874270e-01 0.000000000000000000e+00 9.309538645110443378e-01 7.860801097637329926e-01 1.000000000000000000e+00 1.165800000000000000e+04
6.730396389058646012e-01 1.937697150073180996e-01 0.000000000000000000e+00 1.030792197145372624e-01 6.812583000585440418e-01 1.000000000000000000e+00 6.655000000000000000e+03
2.996447706054061744e-02 3.438485678648227628e-01 0.000000000000000000e+00 -6.691222593817595099e-01 6.154691394908577973e-01 1.000000000000000000e+00 2.735800000000000000e+04
2.179728892833218135e-01 2.441155764117113325e-01 0.000000000000000000e+00 -5.173571034797338486e-01 3.917292673183633278e-01 1.000000000000000000e+00 4.490000000000000000e+03
9.813004760477439525e-01 6.936281965818021922e-01 0.000000000000000000e+00 1.712581509720818129e+00 8.601456124578601425e-01 1.000000000000000000e+00 4.100600000000000000e+04
5.332336935995414251e-01 8.973222145057749843e-01 0.000000000000000000e+00 9.411311551651211360e-01 1.526702593011775466e+00 1.000000000000000000e+00 3.238100000000000000e+04
9.922149467059400152e-01 1.269668104865804281e-01 0.000000000000000000e+00 3.918693273813770306e-01 5.765056156611803040e-01 1.000000000000000000e+00 7.540000000000000000e+02
7.183291999213646806e-01 8.892721974412394204e-01 0.000000000000000000e+00 1.298277930426299243e+00 1.364834464642617151e+00 1.000000000000000000e+00 1.754100000000000000e+04
7.778709054563199832e-01 4.708473963491019987e-01 0.000000000000000000e+00 3.101589696552576880e-01 -1.154507744728978658e-01 1.000000000000000000e+00 7.947000000000000000e+03
6.584814987125772179e-01 4.524789030108955501e-01 0.000000000000000000e+00 6.564328844778248850e-01 1.202476105125488193e+00 1.000000000000000000e+00 1.836000000000000000e+03
2.698987407049501241e-01 9.189534997960203677e-01 0.000000000000000000e+00 9.806515706241816233e-01 1.158391205184716277e+00 1.000000000000000000e+00 9.725000000000000000e+03
3.425172492294867865e-01 9.003856252947441963e-01 0.000000000000000000e+00 9.838362142769710994e-01 1.289242906402380928e+00 1.000000000000000000e+00 1.631700000000000000e+04
7.074080974451409931e-01 9.559861384695218511e-01 0.000000000000000000e+00 1.179354057186171589e-01 1.419690727306732514e+00 1.000000000000000000e+00 3.256000000000000000e+03
7.989631669152869042e-01 8.799964222632032929e-01 0.000000000000000000e+00 1.341575313672116021e+00 1.397753178078079417e+00 1.000000000000000000e+00 4.797000000000000000e+03
1.217859779810283039e-01 8.170287980736361533e-01 0.000000000000000000e+00 7.965690791007179472e-01 4.896639153459758642e-01 1.000000000000000000e+00 4.480000000000000000e+03
4.889728214369103432e-01 7.881658550227491622e-01 0.000000000000000000e+00 5.103070892514609547e-01 3.846935041784094178e-02 1.000000000000000000e+00 1.556600000000000000e+04
7.685730680037970997e-01 3.832718376506045743e-01 0.000000000000000000e+00 3.633954359630922060e-01 -2.478629233108616825e-01 1.000000000000000000e+00 9.172000000000000000e+03
8.200295565328143965e-01 3.964063746466696125e-01 0.000000000000000000e+00 1.277529382205028430e+00 9.907075689159506870e-01 1.000000000000000000e+00 1.328000000000000000e+03
6.944758539884364756e-01 1.159510843895934507e-01 0.000000000000000000e+00 1.004769595864642984e-01 5.738433353059358977e-01 1.000000000000000000e+00 7.841900000000000000e+04
3.429127357538266363e-01 7.974008182009434398e-01 0.000000000000000000e+00 9.030893618836470793e-01 2.987003594706436616e-01 1.000000000000000000e+00 9.497000000000000000e+03
2.650086845043951866e-01 3.680999869565658722e-01 0.000000000000000000e+00 -4.846505786284164286e-01 3.907050571659221871e-01 1.000000000000000000e+00 1.321900000000000000e+04
4.986840456468109029e-01 6.667744952975125372e-01 0.000000000000000000e+00 1.103312322773852383e+00 1.110536420769251853e+00 1.000000000000000000e+00 1.581000000000000000e+04
6.636134527601376121e-01 4.295074493454190678e-01 0.000000000000000000e+00 6.521503293787944688e-01 1.179419842096961712e+00 1.000000000000000000e+00 3.529300000000000000e+04
7.112561619882595831e-01 2.705931434503292543e-01 0.000000000000000000e+00 1.780489975588994689e-01 -2.568441701720587389e-01 1.000000000000000000e+00 4.778000000000000000e+03
7.568015759236782491e-01 8.372106268743173541e-02 0.000000000000000000e+00 1.466417995541727803e-01 5.198460990023801020e-01 1.000000000000000000e+00 2.461300000000000000e+04
4.104361950978853146e-01 6.994950144342853005e-01 0.000000000000000000e+00 -3.287693821146449036e-01 5.727073390951974430e-01 1.000000000000000000e+00 8.784000000000000000e+03
3.886998113611239702e-01 5.790447203914095287e-01 0.000000000000000000e+00 1.102234012038221467e+00 8.100619155611534783e-01 1.000000000000000000e+00 9.432000000000000000e+03
1.255386397537653353e-01 5.089517862256383030e-01 0.000000000000000000e+00 6.173200075138712828e-02 1.256232665694141826e+00 1.000000000000000000e+00 1.942500000000000000e+04
7.231198128671871839e-01 9.867116141438820875e-01 0.000000000000000000e+00 2.288916652270776009e-01 1.550837963537549324e+00 1.000000000000000000e+00 6.434100000000000000e+04
5.851220710626949817e-01 8.724410700849106748e-01 0.000000000000000000e+00 1.237111685228730495e+00 1.243129002205210831e+00 1.000000000000000000e+00 7.940000000000000000e+02
2.639244443265825746e-01 1.435456339450706942e-01 0.000000000000000000e+00 -3.692243137261814745e-01 5.455688300124648116e-01 1.000000000000000000e+00 3.711300000000000000e+04
3.387105783756813038e-01 9.734119915974834836e-01 0.000000000000000000e+00 3.363124355270596944e-02 1.658559128688466888e+00 1.000000000000000000e+00 7.921500000000000000e+04
4.614520866223318363e-01 4.553976125693171007e-02 0.000000000000000000e+00 -2.867364632278754932e-01 9.763480778770923518e-02 1.000000000000000000e+00 2.779400000000000000e+04
8.719622243809359574e-01 9.244346485230514610e-01 0.000000000000000000e+00 1.554158844277297558e+00 6.128134493051882181e-01 1.000000000000000000e+00 7.076000000000000000e+03
7.488078233065091904e-01 9.495413070887855911e-01 0.000000000000000000e+00 1.855666737639227737e-01 1.444778025701153545e+00 1.000000000000000000e+00 8.896000000000000000e+03
5.916687869877430561e-01 6.839332778011468772e-01 0.000000000000000000e+00 1.253317041915364527e+00 1.037092713115047582e+00 1.000000000000000000e+00 3.264700000000000000e+04
4.073989284054511106e-01 8.035500318863746383e-01 0.000000000000000000e+00 7.282510344029307081e-01 1.481454100377619376e+00 1.000000000000000000e+00 1.256400000000000000e+04
8.347193261037925138e-01 7.679500537872419041e-02 0.000000000000000000e+00 1.555828025137218074e+00 2.829557295196729605e-01 1.000000000000000000e+00 7.077900000000000000e+04
5.338265987319229522e-01 3.127540934494323910e-01 0.000000000000000000e+00 9.043698964311198685e-01 9.648259181207674562e-01 1.000000000000000000e+00 1.624840000000000000e+05
8.520976552441821283e-01 7.334490598708195419e-01 0.000000000000000000e+00 1.443013166045477025e+00 1.195313606133514117e+00 1.000000000000000000e+00 2.391300000000000000e+04
3.127160477108652525e-01 7.791564837411495414e-01 0.000000000000000000e+00 7.632078524492490468e-01 1.378787315056179352e+00 1.000000000000000000e+00 1.166000000000000000e+04
3.713752611145751947e-01 1.868257863857151202e-01 0.000000000000000000e+00 -3.728105923688403989e-01 2.800320923695926445e-01 1.000000000000000000e+00 1.514700000000000000e+04
1.333917508559312459e-01 2.638047921248403149e-01 0.000000000000000000e+00 -3.117201032908006875e-02 -4.679183580519479246e-01 1.000000000000000000e+00 1.392400000000000000e+04
6.317189825489795130e-01 7.674178713159743870e-01 0.000000000000000000e+00 1.083010644178520776e+00 1.366446949194208615e+00 1.000000000000000000e+00 1.228750000000000000e+05
9.507588833978164455e-02 9.726219315226189988e-01 0.000000000000000000e+00 -5.505385328152695434e-01 1.354305071308264052e+00 1.000000000000000000e+00 2.403800000000000000e+04
3.264745595579300330e-01 4.673521564997867861e-01 0.000000000000000000e+00 -4.234038209804114050e-01 4.538460689391960456e-01 1.000000000000000000e+00 5.025900000000000000e+04
5.428527233765202409e-01 6.862557982537701440e-01 0.000000000000000000e+00 4.262943479381363643e-01 -5.463160555004986652e-02 1.000000000000000000e+00 8.820200000000000000e+04
5.634937860043383040e-01 7.032857243848309459e-01 0.000000000000000000e+00 1.231554771927136693e+00 1.044158895942609355e+00 1.000000000000000000e+00 7.078400000000000000e+04
5.025094908300309360e-01 2.522020898431369673e-01 0.000000000000000000e+00 2.774721395179672312e-01 9.676447433901915751e-01 1.000000000000000000e+00 7.767500000000000000e+04
1.335190330025627370e-01 2.700054813385888153e-02 0.000000000000000000e+00 7.956271544074515756e-01 -3.252959684110665606e-01 1.000000000000000000e+00 6.270100000000000000e+04
2.268911423946986528e-01 5.123394524139421868e-01 0.000000000000000000e+00 9.185676025322362381e-01 8.023113036195469450e-01 1.000000000000000000e+00 5.887700000000000000e+04
3.055112540548072797e-01 6.606865973406783610e-01 0.000000000000000000e+00 -4.444878663364185689e-01 6.595379405653358784e-01 1.000000000000000000e+00 3.152300000000000000e+04
5.618828577641327149e-01 6.373275746962260291e-01 0.000000000000000000e+00 4.684528043008533427e-01 -1.068302211440438354e-01 1.000000000000000000e+00 2.098250000000000000e+05
3.911329749703563730e-01 3.776375182258483454e-01 0.000000000000000000e+00 7.213142188529253485e-02 1.056414366040590025e+00 1.000000000000000000e+00 1.138030000000000000e+05
6.491330821622397496e-01 2.063180461965530288e-02 0.000000000000000000e+00 3.361221494569466284e-02 4.491572554635839820e-01 1.000000000000000000e+00 1.759600000000000000e+04
7.976967226770741437e-01 4.426062035743366652e-01 0.000000000000000000e+00 3.976501862660019038e-01 -1.917933303989353133e-01 1.000000000000000000e+00 1.200700000000000000e+04
1.269041968262419884e-01 1.802677194984342313e-01 0.000000000000000000e+00 -2.856980775846726384e-01 8.065738452476083342e-01 1.000000000000000000e+00 9.173700000000000000e+04
9.147808934226258071e-01 2.157489179365298382e-01 0.000000000000000000e+00 2.487557671765855405e-01 5.605829812321185823e-01 1.000000000000000000e+00 1.486920000000000000e+05
2.516582218770355706e-01 6.128410378523803104e-01 0.000000000000000000e+00 -3.941407072290310509e-01 9.942119113672011066e-01 1.000000000000000000e+00 4.085000000000000000e+03
9.795258128900524719e-01 1.945143632904434705e-01 0.000000000000000000e+00 2.592697840612026017e-01 4.036345510669827052e-01 1.000000000000000000e+00 1.170390000000000000e+05
7.388813740377463413e-01 3.628522714710068486e-01 0.000000000000000000e+00 3.521053888457750247e-01 -2.797240565078411567e-01 1.000000000000000000e+00 3.021960000000000000e+05
3.856604728407220239e-02 9.071570705557306935e-01 0.000000000000000000e+00 -9.042836456959285618e-02 1.645980758393720045e+00 1.000000000000000000e+00 1.439280000000000000e+05
8.187294440014802888e-01 6.354637180391837781e-01 0.000000000000000000e+00 6.572820944125356002e-01 1.367880780450147160e+00 1.000000000000000000e+00 4.597100000000000000e+04
3.671819274561971547e-01 4.320716877172725567e-01 0.000000000000000000e+00 -3.475123359892335895e-01 6.594746555919095421e-01 1.000000000000000000e+00 1.365020000000000000e+05
4.733527888669769590e-01 2.281116272126505473e-01 0.000000000000000000e+00 1.607623691129228538e-01 9.098646832952649310e-01 1.000000000000000000e+00 2.378560000000000000e+05
6.696805686247283562e-01 9.645297324010378981e-01 0.000000000000000000e+00 5.978780776155456778e-02 1.401028094650766720e+00 1.000000000000000000e+00 1.004300000000000000e+04
3.298358440561215410e-01 9.852478591696234300e-02 0.000000000000000000e+00 2.493854864075503164e-01 8.441974620652955563e-01 1.000000000000000000e+00 1.730700000000000000e+04
9.134963652367050768e-01 8.514191380951827703e-01 0.000000000000000000e+00 1.659062505596572201e+00 7.699873853884475761e-01 1.000000000000000000e+00 3.910830000000000000e+05
5.324315199380409425e-01 9.384978695697572260e-01 0.000000000000000000e+00 -2.277481370182554699e-02 1.442725920243435267e+00 1.000000000000000000e+00 1.335050000000000000e+05
2.954006765766892251e-01 2.877710055512356924e-01 0.000000000000000000e+00 -8.001201932539725448e-03 9.736626151493347203e-01 1.000000000000000000e+00 2.494640000000000000e+05
2.778981632783910083e-01 2.981161527239121201e-01 0.000000000000000000e+00 -4.399377173878172842e-01 5.153985690124123220e-01 1.000000000000000000e+00 1.002400000000000000e+04
6.990407846581414564e-02 9.267616489299284055e-01 0.000000000000000000e+00 7.846142833607375744e-01 1.154114509081404449e+00 1.000000000000000000e+00 3.982590000000000000e+05
5.021593684835312654e-01 2.737681941257118501e-01 0.000000000000000000e+00 1.750716463000162038e-01 9.486856868585641367e-01 1.000000000000000000e+00 1.354800000000000000e+04
1.209525763051607639e-01 3.153838988526621590e-01 0.000000000000000000e+00 -5.582230878418306119e-01 6.335354621530695507e-01 1.000000000000000000e+00 3.667000000000000000e+03
8.880076725365521062e-01 1.140884392136626291e-01 0.000000000000000000e+00 4.571536549757182488e-01 7.279816021921150515e-01 1.000000000000000000e+00 7.160270000000000000e+05
2.896410952775675396e-01 7.386311261608954348e-01 0.000000000000000000e+00 -7.318738292174503668e-02 8.223528872164798109e-02 1.000000000000000000e+00 3.231790000000000000e+05
5.287563849887179090e-01 5.939899678924054349e-02 0.000000000000000000e+00 -1.307231245998979885e-01 4.165919088588373453e-01 1.000000000000000000e+00 9.912000000000000000e+03
4.362945972040502829e-01 9.137897013293608817e-01 0.000000000000000000e+00 1.054464005805421767e+00 1.338485571652384909e+00 1.000000000000000000e+00 2.357300000000000000e+05
8.890337671807615472e-01 3.179556303983716026e-01 0.000000000000000000e+00 1.774980597620461342e-01 5.550567418849021717e-01 1.000000000000000000e+00 1.044820000000000000e+05
9.721420541000268534e-01 4.136000064552072253e-01 0.000000000000000000e+00 5.757188225268107251e-01 1.050269953499237463e+00 1.000000000000000000e+00 7.342000000000000000e+03
3.245983390819736636e-01 5.607861385978341051e-01 0.000000000000000000e+00 1.074596387675342601e+00 5.624970173598764500e-01 1.000000000000000000e+00 1.427720000000000000e+05
1.684123066225048371e-01 6.467511318787605434e-01 0.000000000000000000e+00 3.493237131421033648e-01 1.374604869240258598e+00 1.000000000000000000e+00 2.679080000000000000e+05
6.595220034682210963e-01 8.453429912255699952e-01 0.000000000000000000e+00 1.241225359122466898e+00 1.318757403786689597e+00 1.000000000000000000e+00 1.460200000000000000e+04
9.579629367923425676e-01 5.033779024339272157e-01 0.000000000000000000e+00 1.336887482577782560e+00 1.150615253489394307e+00 1.000000000000000000e+00 4.736200000000000000e+04
8.573133272723022502e-01 3.015551394924106399e-01 0.000000000000000000e+00 2.623179794570210666e-01 7.581518281336803167e-01 1.000000000000000000e+00 1.241700000000000000e+04
1.986879189358248254e-03 1.969130334561705054e-01 0.000000000000000000e+00 -7.170873761640121913e-01 4.100613744959162310e-01 1.000000000000000000e+00 7.639000000000000000e+03
2.815046808916734644e-01 7.743331529815711267e-02 0.000000000000000000e+00 -2.500544937528504930e-01 6.065314572824513917e-01 1.000000000000000000e+00 6.460400000000000000e+04
6.944007432160734794e-01 5.822695237352459863e-03 0.000000000000000000e+00 9.834159847956591705e-02 4.610297865441368992e-01 1.000000000000000000e+00 1.665170000000000000e+05
6.351723571788580047e-01 8.938141173025290209e-01 0.000000000000000000e+00 8.966037794402428318e-01 1.596774721785020112e+00 1.000000000000000000e+00 2.510900000000000000e+05
8.890478108706185711e-01 6.269768520267917644e-01 0.000000000000000000e+00 1.337419908986644979e+00 1.228194334832333867e+00 1.000000000000000000e+00 1.403636000000000000e+06
2.341369956954080234e-01 5.696136381625538370e-01 0.000000000000000000e+00 -5.080729473520420036e-01 4.617971253201282322e-01 1.000000000000000000e+00 5.470540000000000000e+05
5.247479951500846340e-01 6.980067635320086339e-01 0.000000000000000000e+00 1.084030753107100953e+00 1.197709471801629011e+00 1.000000000000000000e+00 6.915840000000000000e+05
5.343041636064793654e-02 3.501633703666822139e-01 0.000000000000000000e+00 -3.253203250610735009e-01 9.975024437065327376e-01 1.000000000000000000e+00 6.656060000000000000e+05
1.049694083584062909e-01 4.823822612561126100e-01 0.000000000000000000e+00 -4.371393307200663880e-01 1.000666078304984552e+00 1.000000000000000000e+00 1.039320000000000000e+05
3.042656609422413894e-01 1.157961884337836977e-01 0.000000000000000000e+00 -2.305494141761949001e-01 6.416030307495349527e-01 1.000000000000000000e+00 5.372200000000000000e+05
7.929892424725215605e-01 9.171403089245225848e-01 0.000000000000000000e+00 1.375195616876216498e+00 1.389935970499060147e+00 1.000000000000000000e+00 5.504424000000000000e+06
6.941747468368908436e-02 7.225278702799967645e-01 0.000000000000000000e+00 -5.685064126943490947e-01 1.116930093793622625e+00 1.000000000000000000e+00 1.844253000000000000e+06
2.258056380995270285e-01 6.087303506773534822e-01 0.000000000000000000e+00 -4.273534962437621765e-01 9.773536614214314300e-01 1.000000000000000000e+00 6.596400000000000000e+04
6.819131798754407559e-01 3.171635944152951803e-01 0.000000000000000000e+00 -5.093853970320150193e-02 4.766263082722562716e-01 1.000000000000000000e+00 1.925378000000000000e+06
8.154272645355299387e-01 9.603356241436282748e-01 0.000000000000000000e+00 1.405457706952953245e+00 4.973409405664840910e-01 1.000000000000000000e+00 1.879883000000000000e+06
1.518145853594048411e-01 3.763361226477949240e-01 0.000000000000000000e+00 -4.743930847818522700e-01 7.890878081152905565e-01 1.000000000000000000e+00 1.168951000000000000e+06
4.764551488694744874e-01 4.996227485855992967e-01 0.000000000000000000e+00 2.611233317389515807e-01 1.218046167281890746e+00 1.000000000000000000e+00 4.599208000000000000e+06
3.605404628844536274e-01 9.818431013766387716e-01 0.000000000000000000e+00 5.757090169415296499e-02 1.667925782248380839e+00 1.000000000000000000e+00 2.084704400000000000e+07
2.125457312569057899e-01 2.024924361891148328e-01 0.000000000000000000e+00 5.764453589582290149e-01 8.582950444172602333e-01 1.000000000000000000e+00 6.267760000000000000e+06
6.175356644559182318e-02 8.433013363318967448e-01 0.000000000000000000e+00 6.156995628333519210e-01 1.348913671116138024e+00 1.000000000000000000e+00 2.664604000000000000e+06
7.379146561132149396e-01 6.918925740048381678e-01 0.000000000000000000e+00 1.100905857968270229e+00 1.348198438199134763e+00 1.000000000000000000e+00 1.893530000000000000e+06
4.924080948265107116e-01 9.422886849079549210e-01 0.000000000000000000e+00 3.125980283237045354e-02 1.533763327467454030e+00 1.000000000000000000e+00 6.541258000000000000e+06
6.856053406806816852e-01 4.087207648477197974e-01 0.000000000000000000e+00 2.202758761890566408e-01 -1.794700965875268839e-01 1.000000000000000000e+00 9.933130000000000000e+06
2.525425404270409402e-02 4.506053960707346873e-01 0.000000000000000000e+00 -4.083241561626661520e-01 1.062577423375728358e+00 1.000000000000000000e+00 6.884895000000000000e+06
9.235413986648725038e-01 3.497038960984836242e-01 0.000000000000000000e+00 7.894432484851203746e-01 1.087618312625473926e+00 1.000000000000000000e+00 4.870547000000000000e+06
6.066640960632178059e-01 9.443380934518293968e-01 0.000000000000000000e+00 1.916372380359476768e-02 1.410539029309753722e+00 1.000000000000000000e+00 4.380247000000000000e+06
6.538698912699404397e-01 1.815676122027894968e-01 0.000000000000000000e+00 8.415870270850078771e-02 6.693474412526507766e-01 1.000000000000000000e+00 1.330131000000000000e+06
1.156756728760000019e-01 8.366200759004966958e-01 0.000000000000000000e+00 7.904921249183249898e-01 5.093239469087096349e-01 1.000000000000000000e+00 1.575365100000000000e+07
