2.028692523888367960e-01 2.967046731258087267e-01 0.000000000000000000e+00 5.674586262909045997e-01 9.521240720130388357e-01 1.000000000000000000e+00 0.000000000000000000e+00
2.651721756889112713e-01 1.122208688412555944e-01 0.000000000000000000e+00 8.343373530784657932e-01 6.006376998853106830e-01 1.000000000000000000e+00 1.000000000000000000e+00
2.784522030281361138e-01 2.975699543152177107e-02 0.000000000000000000e+00 9.942058509996343219e-01 2.538032304266507055e-01 1.000000000000000000e+00 1.000000000000000000e+00
9.428244595381850557e-01 6.829238292062569382e-01 0.000000000000000000e+00 9.703741568137604911e-01 -6.657000944755364635e-02 1.000000000000000000e+00 1.000000000000000000e+00
4.581151380297410203e-01 6.317133209267795646e-01 0.000000000000000000e+00 6.995233200906121329e-01 1.341799294337088000e+00 1.000000000000000000e+00 1.000000000000000000e+00
5.638502703126878624e-01 6.220967071006299198e-01 0.000000000000000000e+00 9.989564020000271105e-01 1.120993021961103064e-02 1.000000000000000000e+00 1.000000000000000000e+00
8.328569636805821519e-01 1.186086688235382658e-01 0.000000000000000000e+00 9.006397522733621264e-01 8.655393841985230541e-01 1.000000000000000000e+00 3.000000000000000000e+00
8.886817447694946859e-01 9.170042780913657543e-01 0.000000000000000000e+00 1.324252615045043102e+00 3.064487794121699693e-01 1.000000000000000000e+00 1.000000000000000000e+00
6.142211553682648262e-01 9.792940022671355882e-01 0.000000000000000000e+00 -3.724679698714339349e-02 6.076900369305806571e-01 1.000000000000000000e+00 1.000000000000000000e+00
9.860000318965200794e-02 2.440750524890381579e-01 0.000000000000000000e+00 7.184086782426660767e-01 -1.782248484451525172e-01 1.000000000000000000e+00 4.000000000000000000e+00
2.099035908503467107e-01 9.366767082015033941e-01 0.000000000000000000e+00 1.158322791189621559e-01 1.680753712488785911e+00 1.000000000000000000e+00 1.000000000000000000e+00
3.666752950210705464e-01 4.052918817799165963e-01 0.000000000000000000e+00 7.247382667235514608e-01 1.064299399411990699e+00 1.000000000000000000e+00 1.000000000000000000e+00
7.631829695352745357e-01 9.533962472773649388e-02 0.000000000000000000e+00 1.459233659680055917e+00 -1.839692307512360570e-01 1.000000000000000000e+00 5.000000000000000000e+00
7.585768129760988021e-01 3.399184741993740433e-01 0.000000000000000000e+00 7.236235439398900349e-01 -4.092665957157187728e-01 1.000000000000000000e+00 3.000000000000000000e+00
9.710644247819777419e-01 8.645327652193308676e-01 0.000000000000000000e+00 1.549914859150436808e+00 3.876342701163937310e-01 1.000000000000000000e+00 2.000000000000000000e+00
1.910180205569034229e-01 6.328342778818384362e-01 0.000000000000000000e+00 -5.478282614624011559e-01 7.616992131677813305e-01 1.000000000000000000e+00 9.000000000000000000e+00
2.088075555007038453e-01 4.955833210302587055e-01 0.000000000000000000e+00 9.250510931626034772e-01 7.180584764017451382e-01 1.000000000000000000e+00 2.000000000000000000e+00
8.657857994376583211e-01 3.406791051353008637e-01 0.000000000000000000e+00 1.494182707754261541e+00 -6.873184442288393647e-02 1.000000000000000000e+00 1.100000000000000000e+01
8.639521828015790383e-01 5.721882341850313969e-01 0.000000000000000000e+00 1.148656403908085988e+00 -1.216730678661330778e-01 1.000000000000000000e+00 6.000000000000000000e+00
2.647014848545170551e-02 5.414170506010174133e-02 0.000000000000000000e+00 4.020698938795486121e-01 -5.950307152258262899e-01 1.000000000000000000e+00 3.500000000000000000e+01
1.118809936146746287e-01 6.110622944619928942e-01 0.000000000000000000e+00 3.726776419684709185e-01 -9.213405664303542242e-02 1.000000000000000000e+00 6.000000000000000000e+00
5.507590246731046690e-01 2.910730235416651990e-01 0.000000000000000000e+00 1.287897708776837513e+00 4.293718319162029839e-01 1.000000000000000000e+00 2.000000000000000000e+00
4.881674092780985408e-01 1.453667905289190987e-02 0.000000000000000000e+00 -1.135545549258583087e-01 -4.331581699173995270e-01 1.000000000000000000e+00 1.300000000000000000e+01
5.406511529278223982e-01 1.773045769884828982e-01 0.000000000000000000e+00 1.172430785993839208e+00 5.814759456465918852e-01 1.000000000000000000e+00 4.000000000000000000e+00
9.771757777799530142e-01 5.709363211940636784e-01 0.000000000000000000e+00 1.715912425920352646e+00 4.414443728177747661e-01 1.000000000000000000e+00 1.300000000000000000e+01
6.989484353671145955e-01 6.300471242866267918e-02 0.000000000000000000e+00 3.433546403853371398e-02 4.105526923419328678e-01 1.000000000000000000e+00 5.700000000000000000e+01
3.878487501825507167e-01 5.579736691299770346e-01 0.000000000000000000e+00 8.268930397842386704e-01 1.166036257823072964e+00 1.000000000000000000e+00 7.000000000000000000e+00
1.019874293129674481e-01 8.880704328546854542e-01 0.000000000000000000e+00 8.285131814200075162e-01 1.074243286744020587e+00 1.000000000000000000e+00 2.900000000000000000e+01
2.142937317570048350e-01 3.903109943409807103e-01 0.000000000000000000e+00 5.116110027736477939e-01 1.078861965842158765e+00 1.000000000000000000e+00 7.000000000000000000e+00
9.111666047177179317e-01 4.447241740041246727e-01 0.000000000000000000e+00 9.785042821058247409e-01 -3.022468008027785480e-01 1.000000000000000000e+00 3.800000000000000000e+01
9.085448634510745469e-01 9.768871699476481263e-01 0.000000000000000000e+00 1.593293717438558854e+00 1.282859402287164219e+00 1.000000000000000000e+00 2.700000000000000000e+01
3.442061799462383664e-01 3.606245182047775888e-01 0.000000000000000000e+00 1.091818301386783041e+00 3.008238838003795546e-01 1.000000000000000000e+00 5.600000000000000000e+01
6.986525477921062821e-01 2.017534233778757180e-01 0.000000000000000000e+00 8.532881379159948931e-01 -5.321320133675585540e-01 1.000000000000000000e+00 3.200000000000000000e+01
4.654921628891713903e-01 8.774134699757959455e-01 0.000000000000000000e+00 1.004019694312566768e+00 3.554095447999175983e-01 1.000000000000000000e+00 9.400000000000000000e+01
1.633975828805067643e-02 8.217141315161414772e-01 0.000000000000000000e+00 4.189206683368600359e-01 1.889198435644624530e-01 1.000000000000000000e+00 1.070000000000000000e+02
7.734255643327928587e-01 9.055388652135107908e-01 0.000000000000000000e+00 1.386700069551406678e+00 4.738047094545941862e-01 1.000000000000000000e+00 3.000000000000000000e+00
6.671047304798477517e-01 6.777270370825322354e-01 0.000000000000000000e+00 1.295215352444627266e+00 1.087577066453054186e+00 1.000000000000000000e+00 1.900000000000000000e+01
1.355529716678099961e-01 1.493155190726637160e-01 0.000000000000000000e+00 -1.023295773239585593e-01 -5.619593173198371705e-01 1.000000000000000000e+00 3.000000000000000000e+01
1.503141086256285508e-01 2.161031517239075939e-01 0.000000000000000000e+00 8.879815925600380577e-01 3.515530802801006272e-01 1.000000000000000000e+00 9.200000000000000000e+01
8.151724345394786297e-01 1.819512706314627692e-01 0.000000000000000000e+00 8.750625216694818409e-01 9.295562314654319813e-01 1.000000000000000000e+00 1.300000000000000000e+02
6.057909096777155389e-01 6.513269266932267820e-01 0.000000000000000000e+00 1.269361996114140689e+00 1.000860062812797491e+00 1.000000000000000000e+00 2.400000000000000000e+01
9.012844093451362060e-01 7.923001866891620226e-01 0.000000000000000000e+00 1.168453540010079950e+00 9.150017554494249694e-02 1.000000000000000000e+00 3.900000000000000000e+01
7.213733663862660350e-01 1.381370887354167465e-01 0.000000000000000000e+00 1.349505744786129169e+00 -2.716795961442146634e-01 1.000000000000000000e+00 7.000000000000000000e+01
2.644236534272224048e-01 5.848623892077824404e-01 0.000000000000000000e+00 8.726990978050358505e-01 1.023611729682470273e+00 1.000000000000000000e+00 2.680000000000000000e+02
3.918569561232873033e-01 4.783068928357170346e-01 0.000000000000000000e+00 1.141824020731291078e+00 4.712782369717526954e-01 1.000000000000000000e+00 1.070000000000000000e+02
9.538117368635306015e-01 5.069120169042459212e-01 0.000000000000000000e+00 1.082043344903390825e+00 -2.320444464273306862e-01 1.000000000000000000e+00 5.000000000000000000e+00
5.264230167103867153e-02 3.369217889552141854e-01 0.000000000000000000e+00 6.931004525489634638e-01 -5.335164976952067040e-02 1.000000000000000000e+00 1.480000000000000000e+02
1.856855640815057162e-01 9.338319030598907222e-02 0.000000000000000000e+00 9.328365249173614648e-01 1.586935395781946534e-01 1.000000000000000000e+00 1.200000000000000000e+01
5.249153455039181626e-01 7.053059239405116143e-01 0.000000000000000000e+00 1.261583490164739807e+00 8.460896042517702664e-01 1.000000000000000000e+00 3.970000000000000000e+02
9.398815650002552147e-01 2.977943720847220366e-02 0.000000000000000000e+00 1.629470858054193005e+00 3.246804492538197806e-01 1.000000000000000000e+00 5.290000000000000000e+02
6.143085430582395645e-03 9.653390794455172230e-01 0.000000000000000000e+00 4.371552854637150709e-01 3.515569654811244726e-01 1.000000000000000000e+00 3.420000000000000000e+02
4.767964256643637544e-01 8.182664187092425490e-02 0.000000000000000000e+00 6.242647509354852797e-01 8.171858010861546839e-01 1.000000000000000000e+00 4.100000000000000000e+02
6.316824121229793754e-01 5.469239329194383048e-01 0.000000000000000000e+00 1.373161749988473179e+00 6.596554348102094956e-01 1.000000000000000000e+00 5.060000000000000000e+02
2.075639295687128349e-01 2.324720742598620493e-01 0.000000000000000000e+00 5.820828482953100957e-01 8.822686420530910789e-01 1.000000000000000000e+00 3.680000000000000000e+02
8.872704048883537364e-01 5.039184917972159283e-01 0.000000000000000000e+00 9.716434568640502922e-01 -2.413205222783398884e-01 1.000000000000000000e+00 1.209000000000000000e+03
5.702763432792299358e-01 3.274514088829949543e-03 0.000000000000000000e+00 -9.186103777048093555e-02 -3.489670062017656837e-01 1.000000000000000000e+00 4.220000000000000000e+02
8.691460631491125799e-01 7.221647185473197839e-01 0.000000000000000000e+00 1.198773379337541467e+00 4.848390954173920075e-02 1.000000000000000000e+00 2.870000000000000000e+02
8.483578835375041871e-01 9.975444779011691798e-01 0.000000000000000000e+00 1.596679594113088907e+00 1.047690439665113660e+00 1.000000000000000000e+00 7.430000000000000000e+02
6.480421262832980478e-02 8.451526927683477020e-01 0.000000000000000000e+00 4.956693532321288509e-01 2.312673365230073497e-01 1.000000000000000000e+00 2.820000000000000000e+02
7.549810663809831679e-01 4.064601863149049921e-01 0.000000000000000000e+00 7.971338825054690158e-01 -3.423543034572783528e-01 1.000000000000000000e+00 1.787000000000000000e+03
4.594127849864719781e-01 3.300455184027546451e-01 0.000000000000000000e+00 1.052208251248358151e+00 -1.294036465538844216e-01 1.000000000000000000e+00 1.289000000000000000e+03
2.114266060265834746e-01 8.768544998736408358e-01 0.000000000000000000e+00 7.947467107334340586e-01 1.348275389784969303e+00 1.000000000000000000e+00 2.752000000000000000e+03
5.935111603153606641e-01 4.518158892436895391e-01 0.000000000000000000e+00 1.324836315706581003e+00 6.181394206275784287e-01 1.000000000000000000e+00 3.620000000000000000e+02
3.084276892802528813e-02 4.502637430110022487e-01 0.000000000000000000e+00 7.203735822572113756e-01 1.552260208980644207e-01 1.000000000000000000e+00 9.810000000000000000e+02
6.452717645018466452e-01 4.126886158919229608e-02 0.000000000000000000e+00 1.848057482184550793e-02 -3.705961703563818155e-01 1.000000000000000000e+00 3.000000000000000000e+00
1.582136467037711380e-01 5.106215106515901159e-01 0.000000000000000000e+00 7.712009588038108987e-01 9.427633336731167102e-01 1.000000000000000000e+00 1.356000000000000000e+03
1.611220512914068870e-03 6.692544048924812250e-01 0.000000000000000000e+00 7.236430956520586988e-02 -7.740080361380008434e-02 1.000000000000000000e+00 2.900000000000000000e+03
2.366851204078594950e-01 3.368744929573270763e-01 0.000000000000000000e+00 6.284996124845843024e-01 9.763910320700056600e-01 1.000000000000000000e+00 5.900000000000000000e+01
4.931530717891916549e-01 8.255010878612648595e-01 0.000000000000000000e+00 8.852476517714926718e-01 1.861562354158079469e-01 1.000000000000000000e+00 3.072000000000000000e+03
3.182792121425644938e-01 2.357989443452020994e-01 0.000000000000000000e+00 6.234352978309737336e-01 9.209119009934677580e-01 1.000000000000000000e+00 1.615000000000000000e+03
7.353431308571641845e-01 8.392723471458187756e-01 0.000000000000000000e+00 1.018916406772820693e+00 1.533596620944785993e+00 1.000000000000000000e+00 3.360000000000000000e+02
9.480343180081284293e-01 9.428135689449664847e-01 0.000000000000000000e+00 1.383719457486776161e+00 3.323396061607448715e-01 1.000000000000000000e+00 1.808000000000000000e+03
3.235886360828182928e-01 6.438934367821325111e-01 0.000000000000000000e+00 7.891811892709623688e-01 1.231876067831507271e+00 1.000000000000000000e+00 2.310000000000000000e+02
8.194157797470504878e-01 3.059040186518615645e-01 0.000000000000000000e+00 1.384499350565902898e+00 -1.872293892517352676e-01 1.000000000000000000e+00 1.225000000000000000e+03
2.521649747117371554e-02 8.853370128213153833e-01 0.000000000000000000e+00 5.999156238072207437e-01 4.034439601752076721e-01 1.000000000000000000e+00 5.577000000000000000e+03
4.390308571455130426e-01 4.185673299470020758e-01 0.000000000000000000e+00 9.624939854662356575e-01 -1.185419264326312838e-01 1.000000000000000000e+00 8.756000000000000000e+03
7.811466618294138353e-02 2.926297907737273052e-01 0.000000000000000000e+00 7.114527119897796625e-01 -1.090951396619817548e-01 1.000000000000000000e+00 6.630000000000000000e+02
9.924273798305500716e-01 3.371187515637653620e-01 0.000000000000000000e+00 1.679692618122215819e+00 3.684139271714848007e-02 1.000000000000000000e+00 8.717000000000000000e+03
2.561151865827157037e-01 9.736735579360358273e-01 0.000000000000000000e+00 9.844786280435229298e-01 1.152521809656228191e+00 1.000000000000000000e+00 3.289000000000000000e+03
4.579551675521864595e-02 7.116933116452452968e-01 0.000000000000000000e+00 1.121214704329558109e-01 -3.536817703472849850e-02 1.000000000000000000e+00 2.079000000000000000e+03
8.512679618379401791e-01 2.612918230124637864e-01 0.000000000000000000e+00 1.495247347846287989e+00 -1.231435426815777889e-01 1.000000000000000000e+00 3.861300000000000000e+04
9.056695413887017043e-01 8.431205542104397432e-01 0.000000000000000000e+00 1.421228017846950298e+00 2.984192990695602177e-01 1.000000000000000000e+00 6.050000000000000000e+03
4.191217503235422637e-02 2.041531610844179445e-01 0.000000000000000000e+00 5.055553773748457935e-01 -3.853678147269602450e-01 1.000000000000000000e+00 4.120200000000000000e+04
8.220507118579689632e-01 9.362871156090899483e-01 0.000000000000000000e+00 1.451719724625885055e+00 5.288353585139979884e-01 1.000000000000000000e+00 1.431200000000000000e+04
5.109724129597554843e-01 6.293840192587231153e-01 0.000000000000000000e+00 1.260909658633241559e+00 6.196820837989516217e-01 1.000000000000000000e+00 2.724500000000000000e+04
5.828441169905745900e-01 5.048108934673976034e-01 0.000000000000000000e+00 1.310842152507368352e+00 6.851407586691693474e-01 1.000000000000000000e+00 3.078100000000000000e+04
4.729565353062881172e-02 5.142629983262092530e-03 0.000000000000000000e+00 5.352613679205074915e-01 -5.644093532280821668e-01 1.000000000000000000e+00 1.483500000000000000e+04
4.538351179159456628e-01 9.366810055626306752e-01 0.000000000000000000e+00 9.529403011344739216e-01 3.768649499833007788e-01 1.000000000000000000e+00 6.274800000000000000e+04
6.608705941949791773e-01 2.808777957741774856e-01 0.000000000000000000e+00 7.312790163977588298e-01 -4.658099931194905619e-01 1.000000000000000000e+00 2.813300000000000000e+04
9.146554379011373470e-01 5.706816571619981460e-01 0.000000000000000000e+00 1.322231259187092389e+00 -5.890705771707205329e-02 1.000000000000000000e+00 1.051340000000000000e+05
7.984601078463711143e-01 3.531790605140283645e-02 0.000000000000000000e+00 1.511839968200579642e+00 -1.961754520412431479e-01 1.000000000000000000e+00 1.278800000000000000e+04
3.068757536974436873e-01 4.018096969840933008e-01 0.000000000000000000e+00 1.054489602045740160e+00 3.420306558588757651e-01 1.000000000000000000e+00 1.574600000000000000e+05
6.914254744079473269e-02 7.888290049280665128e-01 0.000000000000000000e+00 3.921340226249529493e-01 1.119416384051261648e-01 1.000000000000000000e+00 2.673420000000000000e+05
2.108701619253552373e-01 5.863845848853391773e-01 0.000000000000000000e+00 7.491169695498319792e-01 1.108677964205869504e+00 1.000000000000000000e+00 1.521120000000000000e+05
2.836738598605407224e-01 1.942922341891513138e-01 0.000000000000000000e+00 1.026923593278429525e+00 2.946906095457135777e-01 1.000000000000000000e+00 2.670710000000000000e+05
7.467186629819856369e-01 4.031613200071648695e-02 0.000000000000000000e+00 1.422375497200126571e+00 -2.852416084606637092e-01 1.000000000000000000e+00 1.920260000000000000e+05
5.500304894657735977e-01 8.789474581427082489e-01 0.000000000000000000e+00 9.174373364085669502e-01 2.251032803606048960e-01 1.000000000000000000e+00 2.045200000000000000e+04
5.772072051396215375e-02 6.322887562098332692e-01 0.000000000000000000e+00 6.763415232947597167e-01 2.082506655070739399e-01 1.000000000000000000e+00 4.314310000000000000e+06
1.796809465211911538e-01 3.513077781015147005e-01 0.000000000000000000e+00 5.441279269238696870e-01 1.006806365800503977e+00 1.000000000000000000e+00 4.682070000000000000e+05
6.667614362673911499e-01 7.397928045939642372e-01 0.000000000000000000e+00 1.302501590703275980e+00 1.137705428216082115e+00 1.000000000000000000e+00 1.486611000000000000e+06
8.186271767838880775e-01 7.046188504660596541e-01 0.000000000000000000e+00 1.144966183229534806e+00 2.933901745453826315e-02 1.000000000000000000e+00 1.458231200000000000e+07
8.218358579552955678e-01 5.404321121056845367e-01 0.000000000000000000e+00 1.107053277195154894e+00 -1.532183933811596122e-01 1.000000000000000000e+00 3.946320000000000000e+05
5.184846694376413767e-01 1.313911162023709833e-01 0.000000000000000000e+00 1.192225566858763353e+00 4.608955974195179106e-01 1.000000000000000000e+00 1.256914000000000000e+06
1.640018325276478839e-01 9.001043908049982667e-01 0.000000000000000000e+00 7.437764222869419628e-01 1.375878943581249736e+00 1.000000000000000000e+00 4.406863000000000000e+07
9.620875592748060479e-01 4.573952958280221859e-01 0.000000000000000000e+00 1.029942562072745149e+00 -2.895288627016719962e-01 1.000000000000000000e+00 2.388797510000000000e+08
