5.266534688433289757e-01 7.907723630699292627e-02 0.000000000000000000e+00 2.351948048288964865e-01 -8.775061877449410463e-01 1.000000000000000000e+00 0.000000000000000000e+00
1.228014066186932096e-01 4.625846349530386981e-01 0.000000000000000000e+00 1.103735155440345395e+00 2.682422041184431838e-01 1.000000000000000000e+00 1.000000000000000000e+00
5.114149879849454461e-01 1.270358877905701789e-01 0.000000000000000000e+00 1.498710536734262799e+00 -3.185872954993093642e-02 1.000000000000000000e+00 1.000000000000000000e+00
9.824966767476834839e-01 6.015509118628175056e-01 0.000000000000000000e+00 1.405258190679889996e+00 -3.046900617958163693e-01 1.000000000000000000e+00 1.000000000000000000e+00
7.575016465410233657e-02 6.624075640685223032e-01 0.000000000000000000e+00 5.099133943269865687e-01 1.563241783001179552e+00 1.000000000000000000e+00 1.000000000000000000e+00
9.054666357552991762e-01 8.078031910889749145e-02 0.000000000000000000e+00 1.118211400122875121e+00 1.057888125460983098e+00 1.000000000000000000e+00 1.000000000000000000e+00
4.809992929710793508e-01 1.564160022048075582e-01 0.000000000000000000e+00 -3.792596159887217100e-01 -3.534414382187804904e-01 1.000000000000000000e+00 1.000000000000000000e+00
2.392340696525361299e-01 6.378118508530004060e-01 0.000000000000000000e+00 -7.605263131942795463e-01 6.159217414428455051e-01 1.000000000000000000e+00 1.000000000000000000e+00
6.762941851778025981e-01 6.861587344759725315e-01 0.000000000000000000e+00 4.127082728089448427e-01 -2.784771900057341210e-01 1.000000000000000000e+00 1.000000000000000000e+00
9.352338559960594599e-01 4.292434377341650675e-01 0.000000000000000000e+00 8.689934416474753842e-02 9.587040651994465090e-01 1.000000000000000000e+00 1.000000000000000000e+00
2.097668320156110822e-01 9.947609488286232038e-01 0.000000000000000000e+00 1.064502584737382129e+00 4.756975682871448230e-01 1.000000000000000000e+00 1.000000000000000000e+00
7.926257528485891601e-01 1.338266566535659674e-01 0.000000000000000000e+00 -1.015353390131870093e-01 -3.139187417600372010e-01 1.000000000000000000e+00 3.000000000000000000e+00
1.534540364543655055e-01 7.671848697900127689e-01 0.000000000000000000e+00 1.097198864768909043e+00 1.097859481802414994e+00 1.000000000000000000e+00 1.000000000000000000e+00
1.530579267591239967e-01 4.317774358154465864e-01 0.000000000000000000e+00 -4.305207656688381235e-01 -3.802791568824207546e-01 1.000000000000000000e+00 1.000000000000000000e+00
6.705893711311832206e-01 4.753828614689071808e-01 0.000000000000000000e+00 -3.285503274889450820e-01 5.168540881360704775e-01 1.000000000000000000e+00 3.000000000000000000e+00
7.439425754742802210e-01 9.654591017768338057e-01 0.000000000000000000e+00 -1.482420257175630640e-01 1.417130041063557888e+00 1.000000000000000000e+00 1.000000000000000000e+00
4.742150992720692848e-01 4.006827098175042012e-01 0.000000000000000000e+00 1.409401233252023600e+00 4.652611336386336394e-02 1.000000000000000000e+00 1.000000000000000000e+00
2.722951168253087140e-01 8.157977948190449080e-01 0.000000000000000000e+00 8.300659050571229658e-01 -1.419723395839334046e-02 1.000000000000000000e+00 3.000000000000000000e+00
2.342019884293577991e-02 7.937242515329004933e-01 0.000000000000000000e+00 1.757889296313714100e-01 1.782047968681245154e+00 1.000000000000000000e+00 4.000000000000000000e+00
2.244308782036582572e-01 2.842998109962154851e-01 0.000000000000000000e+00 6.631928076005030315e-01 -6.143035327055305084e-01 1.000000000000000000e+00 4.000000000000000000e+00
1.598400777871792355e-01 7.180185498694935387e-02 0.000000000000000000e+00 7.361071131824301617e-01 -7.454596110793082486e-01 1.000000000000000000e+00 1.000000000000000000e+00
2.608222726985904849e-01 9.012919821699585388e-01 0.000000000000000000e+00 9.124974347312334588e-01 1.427938060418094679e-01 1.000000000000000000e+00 2.000000000000000000e+00
5.767566461544478829e-01 5.705112289257638913e-01 0.000000000000000000e+00 -2.836832627184324718e-01 6.095930495841261898e-02 1.000000000000000000e+00 1.000000000000000000e+00
3.422251253541287452e-01 3.701926168655337301e-01 0.000000000000000000e+00 -6.313103405351994102e-01 1.416566313935543886e-01 1.000000000000000000e+00 1.000000000000000000e+00
6.295663616627403814e-01 5.106255317667431903e-01 0.000000000000000000e+00 -3.703999964645425802e-01 5.024229337844955401e-01 1.000000000000000000e+00 1.000000000000000000e+00
7.704165879506567061e-01 3.040613914517337202e-01 0.000000000000000000e+00 9.772337577694103494e-01 1.282440999920839708e+00 1.000000000000000000e+00 3.000000000000000000e+00
9.920679376868138943e-01 7.493085103719776541e-02 0.000000000000000000e+00 1.917457631928053186e+00 4.539478873193493191e-01 1.000000000000000000e+00 7.000000000000000000e+00
1.189004554986400342e-01 3.565840890797666862e-02 0.000000000000000000e+00 -8.122876862432061307e-01 4.001973570045652684e-01 1.000000000000000000e+00 4.000000000000000000e+00
8.956672558236854487e-01 7.878861535899029933e-01 0.000000000000000000e+00 1.715619610484653723e+00 2.154543794142079749e-01 1.000000000000000000e+00 2.000000000000000000e+00
3.827940856552123350e-01 1.194523842061044894e-01 0.000000000000000000e+00 -2.354355973243047462e-01 9.054498772574791632e-01 1.000000000000000000e+00 4.000000000000000000e+00
9.541928927448587450e-01 3.031783080770872330e-01 0.000000000000000000e+00 1.148842608459092807e+00 1.284051127647681589e+00 1.000000000000000000e+00 1.000000000000000000e+00
4.618452778592846419e-01 4.961429229837750476e-01 0.000000000000000000e+00 -5.371746405941882907e-01 4.518800431269898721e-01 1.000000000000000000e+00 1.000000000000000000e+01
9.214255586776602946e-01 4.089613313051494448e-01 0.000000000000000000e+00 2.291869177786538536e-01 -3.127073350828935006e-01 1.000000000000000000e+00 1.800000000000000000e+01
6.591451896880040628e-03 9.971631302794670138e-01 0.000000000000000000e+00 -7.848501629891789788e-01 1.608407901403561935e+00 1.000000000000000000e+00 1.200000000000000000e+01
5.908993357041042449e-01 3.556136697734124663e-02 0.000000000000000000e+00 1.133910496959059433e+00 -8.041641112311891382e-01 1.000000000000000000e+00 6.000000000000000000e+00
6.975131949328106096e-01 9.225565381122180497e-01 0.000000000000000000e+00 1.585511075467663344e+00 1.382404082593657435e+00 1.000000000000000000e+00 9.000000000000000000e+00
8.573935971283155322e-01 4.738668725814476623e-02 0.000000000000000000e+00 -1.386894778136491535e-01 1.358090137043565515e-01 1.000000000000000000e+00 3.000000000000000000e+00
7.472099335294201117e-01 3.262239985241890405e-01 0.000000000000000000e+00 5.441859774186110776e-01 1.305397769233513250e+00 1.000000000000000000e+00 7.000000000000000000e+00
1.961157080856791302e-01 2.408362011700793115e-02 0.000000000000000000e+00 1.600255169008191758e-01 -9.752649167309930256e-01 1.000000000000000000e+00 5.000000000000000000e+00
1.343335246476049516e-01 9.412360299987272416e-01 0.000000000000000000e+00 7.248184067827729837e-01 1.341873301237960225e-01 1.000000000000000000e+00 2.000000000000000000e+00
1.605146552716542052e-01 3.710860860967556407e-01 0.000000000000000000e+00 5.992517550325121567e-01 -5.275293807707087668e-01 1.000000000000000000e+00 5.000000000000000000e+00
6.944344692600576963e-01 2.877800445499771875e-01 0.000000000000000000e+00 1.217928258760094362e+00 1.139809534858200912e+00 1.000000000000000000e+00 1.000000000000000000e+00
6.243809681878310647e-01 9.066263367649503024e-01 0.000000000000000000e+00 -2.581186137364357425e-01 4.363131561039207407e-01 1.000000000000000000e+00 9.000000000000000000e+00
6.408344159575903864e-01 8.139823916128432479e-01 0.000000000000000000e+00 1.498321822025295624e+00 1.328487346336584052e+00 1.000000000000000000e+00 2.000000000000000000e+01
2.204172457173960709e-01 6.188495978568637756e-01 0.000000000000000000e+00 1.018195585521897012e-01 -3.740927915087347566e-01 1.000000000000000000e+00 1.000000000000000000e+01
5.420182301703092564e-01 1.057392821588079013e-01 0.000000000000000000e+00 -4.038818116951690129e-01 -2.187188981955892619e-01 1.000000000000000000e+00 8.000000000000000000e+00
4.241075351204427468e-01 2.473861125204608324e-01 0.000000000000000000e+00 9.390916764122716476e-01 1.104585817500530087e+00 1.000000000000000000e+00 2.200000000000000000e+01
4.880525292079040955e-01 6.013244281109613176e-01 0.000000000000000000e+00 -1.962500229155084153e-01 -1.278737734483845756e-01 1.000000000000000000e+00 6.000000000000000000e+00
8.586918865070367612e-01 2.924394521590820695e-01 0.000000000000000000e+00 -8.958190881910066405e-02 -2.501418082967865608e-02 1.000000000000000000e+00 8.000000000000000000e+00
8.097140823696571399e-01 1.190395344003264411e-01 0.000000000000000000e+00 4.744100101742043663e-01 1.061149495694201361e+00 1.000000000000000000e+00 5.000000000000000000e+01
6.680865919945572218e-01 9.627099510294812035e-01 0.000000000000000000e+00 -6.206745569809679619e-02 2.794273838304974777e-01 1.000000000000000000e+00 2.700000000000000000e+01
7.416520319842556663e-01 4.498843632012204941e-01 0.000000000000000000e+00 1.734331547309900134e+00 3.291061372958699049e-01 1.000000000000000000e+00 1.600000000000000000e+01
3.488661094419157616e-01 6.058329160270665703e-01 0.000000000000000000e+00 -3.647823296701969698e-01 -9.467112061572480197e-02 1.000000000000000000e+00 1.400000000000000000e+01
5.580649464533478099e-01 7.958686209579923787e-01 0.000000000000000000e+00 1.482487822752289519e+00 4.144995795096972357e-01 1.000000000000000000e+00 6.000000000000000000e+00
6.968034225445518537e-02 9.362278241306289939e-01 0.000000000000000000e+00 7.150992828456640416e-01 1.723990533147335968e-01 1.000000000000000000e+00 2.500000000000000000e+01
2.710398647806788741e-02 8.945904794160609574e-01 0.000000000000000000e+00 5.716745509244324230e-01 1.733305508695117236e+00 1.000000000000000000e+00 2.000000000000000000e+00
8.301131705786783943e-01 8.393968464841657928e-01 0.000000000000000000e+00 1.795287994154391331e+00 5.777911127251529333e-01 1.000000000000000000e+00 1.000000000000000000e+00
3.089289137269686236e-01 1.290081418567714522e-01 0.000000000000000000e+00 -4.262648798531817329e-01 -5.488488385463422548e-01 1.000000000000000000e+00 1.600000000000000000e+01
6.140382905671366576e-01 5.987003264972216021e-01 0.000000000000000000e+00 1.593082553805513335e+00 8.023478912261525764e-01 1.000000000000000000e+00 8.600000000000000000e+01
4.347993536437512185e-01 8.418850558860468958e-01 0.000000000000000000e+00 -1.822642047533479248e-01 5.497174115671166206e-02 1.000000000000000000e+00 8.000000000000000000e+00
5.308890800952470457e-01 3.074634066281742850e-01 0.000000000000000000e+00 -8.985828197935763484e-02 -4.765472517671179853e-01 1.000000000000000000e+00 2.400000000000000000e+01
8.268604268519442746e-01 6.003958669769077217e-01 0.000000000000000000e+00 1.314267622542323100e+00 1.473570663675278336e+00 1.000000000000000000e+00 1.300000000000000000e+01
3.508171766190639751e-01 4.526826368684814250e-01 0.000000000000000000e+00 1.040034494793217412e+00 -2.718720459048947768e-01 1.000000000000000000e+00 1.100000000000000000e+01
4.293111624030676587e-03 9.583843040069773833e-01 0.000000000000000000e+00 -9.946686454680525591e-01 9.128276594038272629e-01 1.000000000000000000e+00 1.900000000000000000e+01
1.447104083689734200e-01 9.057932693515751144e-01 0.000000000000000000e+00 7.656255890559333643e-01 1.219155120497876776e-01 1.000000000000000000e+00 6.400000000000000000e+01
8.231794753883190374e-01 4.984100201941699115e-01 0.000000000000000000e+00 2.834101831234114854e-03 1.070278421212697006e+00 1.000000000000000000e+00 3.800000000000000000e+01
1.778412300277660840e-01 2.786766445053444619e-01 0.000000000000000000e+00 -7.864063258879174789e-01 5.436797594127560362e-01 1.000000000000000000e+00 5.200000000000000000e+01
9.129022563662757550e-01 5.753812389399537430e-02 0.000000000000000000e+00 1.335014248767821377e+00 -8.490055683077636361e-01 1.000000000000000000e+00 3.300000000000000000e+01
7.056983889579957481e-01 9.567664971737319668e-01 0.000000000000000000e+00 -1.316890960766909924e-01 1.503376229896524308e+00 1.000000000000000000e+00 5.000000000000000000e+00
5.095404336064491835e-01 5.139934504806313864e-01 0.000000000000000000e+00 -3.044006855673340173e-01 -6.695392623960927381e-02 1.000000000000000000e+00 1.400000000000000000e+01
5.758474698506269585e-01 6.051187187849560445e-01 0.000000000000000000e+00 8.012731891679163443e-01 -3.691416391637201144e-01 1.000000000000000000e+00 2.800000000000000000e+01
7.436114452147626341e-01 6.358788799806207592e-01 0.000000000000000000e+00 1.711554897158028776e+00 8.870470981933433752e-01 1.000000000000000000e+00 3.100000000000000000e+01
1.110611554251139665e-01 5.344039462636784865e-01 0.000000000000000000e+00 -2.766486162492740042e-01 -3.873775533056033060e-01 1.000000000000000000e+00 2.800000000000000000e+01
4.036109454071562519e-01 3.205158563843197861e-01 0.000000000000000000e+00 -4.276164565270024198e-05 -5.943959889770380478e-01 1.000000000000000000e+00 3.900000000000000000e+01
9.096676652533542962e-01 1.890746297387483343e-01 0.000000000000000000e+00 1.907794225799359200e+00 2.502577085481906272e-01 1.000000000000000000e+00 7.000000000000000000e+00
5.550147940985580286e-01 8.295585452120518566e-01 0.000000000000000000e+00 3.663473865245468475e-01 -1.524824973718627019e-01 1.000000000000000000e+00 4.900000000000000000e+01
9.050161551051694175e-01 2.320021342884203142e-01 0.000000000000000000e+00 7.436641915979236295e-02 7.887974433328440726e-01 1.000000000000000000e+00 4.300000000000000000e+01
1.908158822829282286e-01 4.972183057396516448e-01 0.000000000000000000e+00 9.520788502294778022e-01 -1.512249790842493669e-01 1.000000000000000000e+00 2.100000000000000000e+01
7.420722055722643873e-01 5.744385835686923736e-01 0.000000000000000000e+00 1.185966642338681876e+00 1.470517669926489912e+00 1.000000000000000000e+00 2.500000000000000000e+01
6.578204641620017945e-01 2.477751479248713196e-01 0.000000000000000000e+00 6.505286053446863725e-01 1.247748561968959002e+00 1.000000000000000000e+00 2.200000000000000000e+01
7.840823034865790353e-01 2.749600849872270159e-01 0.000000000000000000e+00 2.108837445437241609e-01 -5.444564220626580964e-01 1.000000000000000000e+00 1.500000000000000000e+01
2.627026862222107129e-01 6.654906016147277281e-02 0.000000000000000000e+00 2.308675676965957768e-01 -9.329440739962662210e-01 1.000000000000000000e+00 1.130000000000000000e+02
9.584691169878918338e-01 4.853299131218933304e-01 0.000000000000000000e+00 6.981313660195573867e-01 1.450847523225794689e+00 1.000000000000000000e+00 8.400000000000000000e+01
7.496734774590102512e-01 3.927454292648862033e-01 0.000000000000000000e+00 9.066038717098982014e-01 1.380355094750325140e+00 1.000000000000000000e+00 9.900000000000000000e+01
1.995204589312338239e-02 6.186898568447162239e-01 0.000000000000000000e+00 -6.048154172624017333e-01 -1.621210146102153304e-01 1.000000000000000000e+00 5.200000000000000000e+01
2.719094247533133668e-01 1.652383264481142033e-01 0.000000000000000000e+00 -6.185643627566558278e-01 6.202728677278397384e-01 1.000000000000000000e+00 7.300000000000000000e+01
2.014296147455629793e-03 8.062062652639619964e-01 0.000000000000000000e+00 -9.162285136601545643e-01 1.202224121220767383e+00 1.000000000000000000e+00 6.500000000000000000e+01
1.650478807385183933e-01 7.339173900182544008e-01 0.000000000000000000e+00 6.818499591620978961e-01 -1.221875169511358328e-01 1.000000000000000000e+00 5.500000000000000000e+01
6.994269958748338123e-01 2.095166413075633116e-02 0.000000000000000000e+00 1.699346534026041189e+00 3.363697939984215679e-02 1.000000000000000000e+00 3.800000000000000000e+01
6.039264521962879328e-01 2.261581790025808392e-01 0.000000000000000000e+00 1.614343716462855460e-01 -6.706142328447787238e-01 1.000000000000000000e+00 1.550000000000000000e+02
5.242897363995351334e-01 7.668961407830120480e-01 0.000000000000000000e+00 1.393868135989146051e+00 2.731012370353415042e-01 1.000000000000000000e+00 7.700000000000000000e+01
4.499685487544832219e-01 9.913084961469815770e-01 0.000000000000000000e+00 1.449833482325112222e+00 9.748733321440962163e-01 1.000000000000000000e+00 2.110000000000000000e+02
4.667193190943971226e-01 5.601401688977858395e-02 0.000000000000000000e+00 -5.307851145401606408e-01 1.266178757035872904e-01 1.000000000000000000e+00 4.900000000000000000e+01
1.776924731046827244e-01 1.230793544041542953e-01 0.000000000000000000e+00 6.295125493027741159e-01 -7.690297301501679561e-01 1.000000000000000000e+00 1.200000000000000000e+01
8.772172559760955668e-01 6.625162575394240028e-01 0.000000000000000000e+00 6.416861235459265789e-01 -3.093505469436605981e-01 1.000000000000000000e+00 1.120000000000000000e+02
8.433627726347251441e-01 9.798085495200468120e-01 0.000000000000000000e+00 8.715257657544154268e-01 1.979411893761421570e+00 1.000000000000000000e+00 2.770000000000000000e+02
5.733532231186920791e-01 2.789178611575865441e-01 0.000000000000000000e+00 -7.025136116522145979e-02 -4.864403158345527167e-01 1.000000000000000000e+00 1.780000000000000000e+02
2.667677607585592359e-01 9.751910623130035649e-01 0.000000000000000000e+00 1.207523806196917349e+00 6.361069090837765394e-01 1.000000000000000000e+00 1.130000000000000000e+02
2.445498222082506112e-01 9.063946295449643031e-02 0.000000000000000000e+00 -4.100919843709606161e-01 -6.652997575379361317e-01 1.000000000000000000e+00 5.310000000000000000e+02
2.839587635512359487e-01 6.273907496893493807e-03 0.000000000000000000e+00 1.222565580503066851e+00 -3.387148505395854436e-01 1.000000000000000000e+00 1.970000000000000000e+02
8.717318547306524001e-01 6.416199538058448004e-01 0.000000000000000000e+00 6.335903725561722322e-01 -3.296105206273567401e-01 1.000000000000000000e+00 2.900000000000000000e+01
3.318729774550789324e-01 1.974341543565992785e-01 0.000000000000000000e+00 -6.620151948090411409e-01 8.704257391005064404e-02 1.000000000000000000e+00 3.300000000000000000e+02
8.672082871707479379e-01 5.249571472992247134e-01 0.000000000000000000e+00 1.306951099484165990e-02 1.045002290563465719e+00 1.000000000000000000e+00 8.400000000000000000e+01
9.836391391388299432e-02 9.962258664461476343e-01 0.000000000000000000e+00 2.846512390603429532e-01 1.373055730224281845e-02 1.000000000000000000e+00 8.000000000000000000e+01
2.461447772515571453e-01 4.024855656147052763e-02 0.000000000000000000e+00 3.006701071511260204e-01 -9.582638311430301536e-01 1.000000000000000000e+00 1.870000000000000000e+02
3.150702356534206272e-01 9.005777251037240250e-01 0.000000000000000000e+00 9.535610640846354791e-01 1.309482934879490079e-01 1.000000000000000000e+00 1.200000000000000000e+01
8.813967908994432277e-01 2.613021847699327216e-01 0.000000000000000000e+00 6.615059702584924484e-02 8.404167186702816705e-01 1.000000000000000000e+00 1.650000000000000000e+02
2.688799524407317065e-01 1.063424459366122399e-01 0.000000000000000000e+00 -5.429325345720463769e-01 6.902606644656524848e-01 1.000000000000000000e+00 4.700000000000000000e+01
5.168962529986752541e-01 2.043876245164246708e-01 0.000000000000000000e+00 -4.033476755662651625e-01 5.957328837688713463e-01 1.000000000000000000e+00 4.290000000000000000e+02
7.108685160829716354e-01 8.154031606582866631e-01 0.000000000000000000e+00 -2.515879838858917639e-01 5.439671909201452271e-01 1.000000000000000000e+00 9.800000000000000000e+01
9.327482012469894279e-01 2.618082035689116571e-01 0.000000000000000000e+00 1.081223646338408173e+00 1.250724298192163797e+00 1.000000000000000000e+00 6.700000000000000000e+01
5.647860631216330418e-01 3.372098657963266133e-01 0.000000000000000000e+00 9.163299414362348072e-01 -5.989615403145033268e-01 1.000000000000000000e+00 3.870000000000000000e+02
5.346738340101099274e-01 7.376072592387884486e-01 0.000000000000000000e+00 4.593688913940047747e-01 -2.595532923363252920e-01 1.000000000000000000e+00 1.390000000000000000e+02
9.714840635601362795e-02 2.024197290556228879e-01 0.000000000000000000e+00 -5.765828260429144425e-01 9.413962012725816120e-01 1.000000000000000000e+00 1.490000000000000000e+02
4.716403058573738205e-01 7.653158094051232263e-01 0.000000000000000000e+00 -2.179914189159241067e-01 4.115554800837528671e-02 1.000000000000000000e+00 3.890000000000000000e+02
4.935397442440970783e-01 3.683646727580678348e-01 0.000000000000000000e+00 8.573557760230561264e-01 -5.631061507359433893e-01 1.000000000000000000e+00 1.400000000000000000e+01
1.535996012510876252e-01 4.750572426853441055e-01 0.000000000000000000e+00 8.979857611420549723e-01 -1.926921451562166876e-01 1.000000000000000000e+00 1.166000000000000000e+03
4.108490797664932082e-01 2.706380662318700336e-01 0.000000000000000000e+00 1.705059265247667044e-01 -7.000499210687990415e-01 1.000000000000000000e+00 1.170000000000000000e+02
6.137650265214349421e-01 7.290530663205269102e-01 0.000000000000000000e+00 -1.628280745581954791e-01 9.905056207508911026e-02 1.000000000000000000e+00 1.710000000000000000e+02
9.640761929823660203e-02 5.103192512667715786e-01 0.000000000000000000e+00 1.356764502108877835e-01 -4.889094307268717632e-01 1.000000000000000000e+00 6.610000000000000000e+02
8.986707679601829701e-01 5.673195997063346097e-01 0.000000000000000000e+00 1.494990333127875770e+00 1.370066743082263283e+00 1.000000000000000000e+00 7.740000000000000000e+02
2.372176398713666812e-01 7.642258050350710930e-01 0.000000000000000000e+00 -3.543422744712608763e-01 -4.203523690044452810e-02 1.000000000000000000e+00 1.520000000000000000e+02
9.907487816101432365e-01 6.849089298917149238e-01 0.000000000000000000e+00 1.462325808282580075e+00 1.566733803613693521e+00 1.000000000000000000e+00 5.110000000000000000e+02
5.732918914872779936e-01 8.555621109597831841e-01 0.000000000000000000e+00 4.160642630643917594e-01 -1.320002783911452537e-01 1.000000000000000000e+00 6.100000000000000000e+01
4.470775980418995044e-02 5.699705504168650627e-03 0.000000000000000000e+00 -4.555857447428887097e-01 8.715555880319726390e-01 1.000000000000000000e+00 1.410000000000000000e+02
5.399339355410550656e-01 3.922768953871179631e-01 0.000000000000000000e+00 1.406078599890817626e+00 -1.075164823385550417e-01 1.000000000000000000e+00 3.980000000000000000e+02
9.939403465199592169e-02 3.188488125204078649e-01 0.000000000000000000e+00 7.036089995123886998e-02 -6.807296371719850914e-01 1.000000000000000000e+00 3.310000000000000000e+02
1.337792620315394476e-01 6.726320882342603502e-01 0.000000000000000000e+00 -1.428155391972399935e-01 -2.883545484747065402e-01 1.000000000000000000e+00 1.470000000000000000e+02
5.911386442093909954e-01 2.887991825194652362e-01 0.000000000000000000e+00 -4.898523601030357888e-02 -4.794725259095788950e-01 1.000000000000000000e+00 8.860000000000000000e+02
3.754450894622692880e-01 7.858401960606392622e-01 0.000000000000000000e+00 -3.278857011514142439e-01 7.497748148437810567e-02 1.000000000000000000e+00 5.690000000000000000e+02
5.719614677801009295e-01 4.852224490652945477e-01 0.000000000000000000e+00 3.930239480280163233e-01 -4.986379902374412643e-01 1.000000000000000000e+00 4.450000000000000000e+02
2.963219542085263614e-01 3.254664470133233900e-01 0.000000000000000000e+00 -3.512300168520947619e-01 -4.365548419120611756e-01 1.000000000000000000e+00 1.460000000000000000e+02
5.600196931027565661e-01 2.537852402237006366e-01 0.000000000000000000e+00 1.054270586564132195e-01 -6.369142246392425211e-01 1.000000000000000000e+00 1.756000000000000000e+03
1.032887310448539209e-01 4.581438990641938380e-01 0.000000000000000000e+00 1.075258382425360981e+00 2.230375469695390078e-01 1.000000000000000000e+00 1.238000000000000000e+03
7.424397967777074392e-01 1.415323455905751482e-01 0.000000000000000000e+00 4.548705447841071003e-01 -8.162275018178664077e-01 1.000000000000000000e+00 8.350000000000000000e+02
3.933081532560778193e-02 7.210963776546877035e-01 0.000000000000000000e+00 -5.162635009059200752e-02 -2.747584280571941928e-01 1.000000000000000000e+00 4.290000000000000000e+02
4.226061335308264333e-01 8.733675440383502631e-01 0.000000000000000000e+00 8.292105112454695170e-01 -4.023679046498818135e-02 1.000000000000000000e+00 7.020000000000000000e+02
9.466940896553738272e-01 3.936897164879065159e-01 0.000000000000000000e+00 2.693700860694525634e-01 -3.419951305535009478e-01 1.000000000000000000e+00 1.116000000000000000e+03
7.174182646293282284e-01 6.938051529243421944e-01 0.000000000000000000e+00 9.513827433882883211e-01 1.666050298285864706e+00 1.000000000000000000e+00 3.070000000000000000e+02
5.635970031926614832e-01 1.035418226107901463e-01 0.000000000000000000e+00 -7.083236349117683073e-02 -6.694390171835373771e-01 1.000000000000000000e+00 1.810000000000000000e+03
2.389312146447510887e-01 9.246684082692248063e-01 0.000000000000000000e+00 -7.599844889451042862e-01 8.781128809756350018e-01 1.000000000000000000e+00 1.080000000000000000e+02
2.825677327614593004e-01 9.497959502197573789e-01 0.000000000000000000e+00 5.280867309549781563e-01 -1.959582895213707321e-02 1.000000000000000000e+00 4.350000000000000000e+02
9.070981959556703167e-01 5.129710963116588252e-01 0.000000000000000000e+00 -1.369717031148742770e-02 9.030171108547264680e-01 1.000000000000000000e+00 7.160000000000000000e+02
2.401188986095057487e-01 7.876237156799090755e-01 0.000000000000000000e+00 -2.065042709645658059e-01 -1.070984447696967656e-01 1.000000000000000000e+00 5.116000000000000000e+03
5.591964510863961513e-01 9.178293171389074745e-01 0.000000000000000000e+00 3.284759966104610074e-01 -5.519076070451400806e-02 1.000000000000000000e+00 8.100000000000000000e+02
6.361154447758555763e-01 2.902791051077884266e-01 0.000000000000000000e+00 -1.507273711811745187e-01 -3.268743466178024581e-01 1.000000000000000000e+00 5.538000000000000000e+03
7.310878513167384796e-02 6.324934586214565613e-01 0.000000000000000000e+00 -6.917079493578970339e-01 -1.175444602760733481e-02 1.000000000000000000e+00 1.480000000000000000e+03
2.803459878879244194e-02 9.186626320274843271e-01 0.000000000000000000e+00 5.742738211164640783e-01 1.756291853097798228e+00 1.000000000000000000e+00 9.500000000000000000e+01
4.773172739615130222e-01 7.291161105591809077e-01 0.000000000000000000e+00 -3.004360692883814021e-01 1.005465145209921696e-01 1.000000000000000000e+00 7.750000000000000000e+02
5.505779604421981999e-01 6.099197751598336437e-01 0.000000000000000000e+00 7.654100856644783235e-01 -3.667312157127905481e-01 1.000000000000000000e+00 1.214000000000000000e+03
7.630482264438093187e-01 5.093712887891069796e-01 0.000000000000000000e+00 1.829847248101788004e-01 -3.051999690346215433e-01 1.000000000000000000e+00 7.350000000000000000e+02
1.293147404236564268e-01 9.926122992140307133e-01 0.000000000000000000e+00 -7.794632998963409998e-01 1.409892149472996792e+00 1.000000000000000000e+00 1.232000000000000000e+03
9.189893558736699219e-01 1.482482392985602360e-01 0.000000000000000000e+00 2.025900196623720007e-02 -2.902534721752044189e-01 1.000000000000000000e+00 1.065000000000000000e+03
8.038017405033986984e-01 9.614970296128932947e-02 0.000000000000000000e+00 5.301604173648308826e-01 1.057981510644407042e+00 1.000000000000000000e+00 7.380000000000000000e+02
5.917901769471750617e-01 2.637116321526031815e-01 0.000000000000000000e+00 1.669349810827981395e-01 -6.415496906415620870e-01 1.000000000000000000e+00 3.190000000000000000e+02
1.975249388345652335e-01 9.497274456666027209e-02 0.000000000000000000e+00 -4.139674428803916673e-01 -6.962775742987221683e-01 1.000000000000000000e+00 5.255000000000000000e+03
4.241035512659933060e-01 7.054937835832062465e-01 0.000000000000000000e+00 2.919767332227353185e-01 -2.857390366733487674e-01 1.000000000000000000e+00 3.540000000000000000e+02
8.791279910516484053e-01 9.137911327682879392e-02 0.000000000000000000e+00 -8.119356737086314002e-02 -1.875160362488642041e-01 1.000000000000000000e+00 5.450000000000000000e+02
6.168450631117969873e-01 7.761735701119898412e-02 0.000000000000000000e+00 -2.015680296839097441e-01 -4.970129672326282222e-01 1.000000000000000000e+00 9.700000000000000000e+01
3.607329575767010965e-01 6.332261962223378893e-01 0.000000000000000000e+00 -3.559757219890211655e-01 -6.414649368970548604e-02 1.000000000000000000e+00 1.047000000000000000e+03
1.959038967282337174e-01 5.811339783638894696e-01 0.000000000000000000e+00 -1.414230178289687667e-01 -3.602535893866719574e-01 1.000000000000000000e+00 2.420000000000000000e+03
2.653985604965309886e-01 8.698560975641111970e-01 0.000000000000000000e+00 9.328168355624252284e-01 1.251730467914577982e-01 1.000000000000000000e+00 2.843000000000000000e+03
9.846700937678931620e-02 1.690628772705040639e-01 0.000000000000000000e+00 -8.892803609403557852e-01 1.300156742221222905e-02 1.000000000000000000e+00 1.691000000000000000e+03
3.227137300041255097e-01 6.108589260670408416e-01 0.000000000000000000e+00 -4.220548794360976519e-01 -5.646387317817924689e-02 1.000000000000000000e+00 1.909000000000000000e+03
7.262378902235507860e-01 2.238285267934259082e-01 0.000000000000000000e+00 6.570360203881425720e-01 1.221431203820348976e+00 1.000000000000000000e+00 2.378000000000000000e+03
2.064822306344120673e-01 9.051098471771565901e-01 0.000000000000000000e+00 1.202659995322323372e+00 8.177607708145726573e-01 1.000000000000000000e+00 4.915000000000000000e+03
9.402789275512000167e-01 1.480139580166002222e-01 0.000000000000000000e+00 -5.060625213829417213e-02 1.330478731275050452e-02 1.000000000000000000e+00 3.607000000000000000e+03
5.673072852647836894e-01 2.031968581669734153e-01 0.000000000000000000e+00 -3.249688869914574285e-01 -2.482931554808932573e-01 1.000000000000000000e+00 1.019200000000000000e+04
6.949288231174167718e-01 7.366784130150707544e-01 0.000000000000000000e+00 4.048238297106198647e-01 -2.203164107956133710e-01 1.000000000000000000e+00 3.085000000000000000e+03
3.338321020301644459e-01 8.773748998288055656e-02 0.000000000000000000e+00 1.607583996213780286e-01 -8.971713857688383698e-01 1.000000000000000000e+00 7.060000000000000000e+02
8.742246140366237706e-01 6.217968340783885939e-02 0.000000000000000000e+00 1.342639472626574237e+00 -8.213289584583042258e-01 1.000000000000000000e+00 3.454000000000000000e+03
7.736425636676188544e-01 2.150955576357397314e-01 0.000000000000000000e+00 -9.470500003081727680e-02 -2.808605983085032953e-01 1.000000000000000000e+00 6.410000000000000000e+03
1.011336622530618623e-01 9.347615086964624620e-01 0.000000000000000000e+00 6.580361302569072146e-01 1.041836128123821981e-01 1.000000000000000000e+00 1.679900000000000000e+04
1.999991899132902429e-01 4.973241101868441927e-02 0.000000000000000000e+00 1.457199029335545792e-01 -9.487933818404542530e-01 1.000000000000000000e+00 2.518000000000000000e+03
4.374723658112216196e-01 3.838590906263050773e-01 0.000000000000000000e+00 1.048204812583609646e+00 -4.079779370879917932e-01 1.000000000000000000e+00 1.925000000000000000e+03
3.596520477219037337e-01 4.331222804719396802e-01 0.000000000000000000e+00 1.581009785552329461e-01 -5.463557266919638611e-01 1.000000000000000000e+00 5.077000000000000000e+03
9.249791944249395881e-01 9.365942352773530821e-01 0.000000000000000000e+00 -7.497839330188771356e-02 9.273843087008528663e-01 1.000000000000000000e+00 1.337300000000000000e+04
2.900631810028785340e-01 6.792126561041018640e-01 0.000000000000000000e+00 -3.886703412075238617e-01 -5.517198822600732910e-02 1.000000000000000000e+00 1.367000000000000000e+03
3.784030329146687022e-01 7.572309615923491499e-01 0.000000000000000000e+00 -3.244169931113337624e-01 4.586325708447003269e-02 1.000000000000000000e+00 1.178100000000000000e+04
2.646359722799698222e-01 2.062650839557520488e-01 0.000000000000000000e+00 -6.323251052447691478e-01 6.483746013896783955e-01 1.000000000000000000e+00 1.179800000000000000e+04
1.463404950226712131e-01 2.650782832281980417e-01 0.000000000000000000e+00 2.350911550350102686e-01 -7.309755909911507255e-01 1.000000000000000000e+00 5.928000000000000000e+03
2.045926556797065254e-01 2.143929160805823075e-01 0.000000000000000000e+00 -5.376560179428078179e-01 8.845174615985167410e-01 1.000000000000000000e+00 4.152000000000000000e+03
7.832941244192402896e-01 9.477205166884724585e-01 0.000000000000000000e+00 5.074855099633901467e-03 3.197278663655105380e-01 1.000000000000000000e+00 4.900000000000000000e+03
6.686783337364352597e-01 9.019090605491009160e-01 0.000000000000000000e+00 1.534273393463851720e+00 1.402653698638706814e+00 1.000000000000000000e+00 7.070000000000000000e+02
1.843460012983916263e-01 8.483101531919409188e-01 0.000000000000000000e+00 -1.907666535902818317e-01 -7.866907858316796176e-02 1.000000000000000000e+00 3.467000000000000000e+03
2.252024736511835101e-01 4.540035111771431042e-01 0.000000000000000000e+00 1.018706071709992500e+00 -1.545620480420130116e-01 1.000000000000000000e+00 4.948000000000000000e+03
7.592148610409609200e-01 8.257342813465439191e-01 0.000000000000000000e+00 6.997764934329708808e-01 -1.724976959293282874e-01 1.000000000000000000e+00 1.097000000000000000e+03
1.439076200903167679e-01 1.489062332925726873e-01 0.000000000000000000e+00 -6.612187442368452350e-01 7.420095442471870140e-01 1.000000000000000000e+00 8.850000000000000000e+02
7.435127778087047279e-01 5.530957741520693416e-01 0.000000000000000000e+00 3.390371669139358168e-01 -3.614530108732586511e-01 1.000000000000000000e+00 1.710000000000000000e+02
5.577117950201430085e-01 5.641896048186001433e-02 0.000000000000000000e+00 1.108188270075910253e+00 -7.784317150345326786e-01 1.000000000000000000e+00 1.620000000000000000e+03
6.888121198540513301e-01 8.336852680707974583e-01 0.000000000000000000e+00 1.541372850666019811e+00 1.356313434435146847e+00 1.000000000000000000e+00 1.948700000000000000e+04
2.533116007207873999e-01 9.993659964251149219e-01 0.000000000000000000e+00 1.178048972518045856e+00 6.187601725055393853e-01 1.000000000000000000e+00 2.254500000000000000e+04
6.217173650517613392e-01 2.694986127846046298e-01 0.000000000000000000e+00 -9.157377468129279663e-03 -5.063860817741047127e-01 1.000000000000000000e+00 3.565000000000000000e+03
5.004173496437190893e-01 7.372041491575069827e-01 0.000000000000000000e+00 2.764604486286347806e-01 -2.373948999327943898e-01 1.000000000000000000e+00 1.742100000000000000e+04
5.308096898822775023e-01 1.706095364621249555e-01 0.000000000000000000e+00 -4.043805248532674756e-01 5.247553570825091995e-01 1.000000000000000000e+00 3.614000000000000000e+03
9.383854055067741839e-01 3.437552602487999875e-01 0.000000000000000000e+00 2.784018741342739744e-01 -4.075248062490967049e-01 1.000000000000000000e+00 1.433500000000000000e+04
2.842357847688327110e-01 9.029937000228689392e-01 0.000000000000000000e+00 9.426014335783031717e-01 1.502954387868774555e-01 1.000000000000000000e+00 7.149000000000000000e+03
7.090321683440971023e-01 2.009356985299586285e-01 0.000000000000000000e+00 6.567647282672647302e-01 1.199568821707742483e+00 1.000000000000000000e+00 7.557600000000000000e+04
2.911116588040066899e-01 4.928499871047898884e-01 0.000000000000000000e+00 -7.080330271033656864e-01 5.342008833835673043e-01 1.000000000000000000e+00 7.200000000000000000e+03
5.346884487731465851e-01 2.815866831520952296e-01 0.000000000000000000e+00 -7.750211171853216285e-02 -5.091235783501091294e-01 1.000000000000000000e+00 4.096000000000000000e+03
1.254645695688342277e-01 7.217657963658651310e-01 0.000000000000000000e+00 6.612490998563493871e-01 -1.225889496411592949e-01 1.000000000000000000e+00 5.004000000000000000e+03
5.346857433721132757e-01 4.230238925196968536e-01 0.000000000000000000e+00 1.376390524725974007e+00 -1.169141234099553284e-01 1.000000000000000000e+00 4.277000000000000000e+03
3.785426300289947976e-01 8.866641441899375531e-01 0.000000000000000000e+00 4.899331200809322051e-01 -1.071125705332387490e-01 1.000000000000000000e+00 2.512000000000000000e+03
7.098170503174640045e-01 6.439359443102781189e-01 0.000000000000000000e+00 2.814955033253543348e-01 -2.596904455114700250e-01 1.000000000000000000e+00 2.649700000000000000e+04
1.144225045620443915e-01 8.979993202631534333e-01 0.000000000000000000e+00 7.443568816987352621e-01 1.213509567797754762e-01 1.000000000000000000e+00 2.976900000000000000e+04
6.514227438221269484e-01 7.384376466861503063e-01 0.000000000000000000e+00 -6.025161350310448416e-02 3.592813847596332266e-02 1.000000000000000000e+00 1.898000000000000000e+03
1.967526941060782075e-01 8.672246829266533341e-01 0.000000000000000000e+00 9.389621386594525498e-01 1.970566887522288146e-01 1.000000000000000000e+00 6.481000000000000000e+03
3.366574219696549797e-01 5.054779384434628930e-01 0.000000000000000000e+00 6.120390467766207987e-01 -4.558570503708814226e-01 1.000000000000000000e+00 3.653000000000000000e+03
4.960810353836212494e-01 9.052784750172684358e-01 0.000000000000000000e+00 2.642020590360554255e-01 -6.746616790193316060e-02 1.000000000000000000e+00 4.401700000000000000e+04
5.077118781084410948e-01 7.848654947696841466e-01 0.000000000000000000e+00 1.345535721929167039e+00 2.389248324945025814e-01 1.000000000000000000e+00 1.054300000000000000e+04
6.457990141324869704e-01 7.723693715848015673e-01 0.000000000000000000e+00 1.360510335333738885e-01 -8.795440251139663435e-02 1.000000000000000000e+00 5.353400000000000000e+04
5.715697421426743086e-01 6.250032160204217480e-01 0.000000000000000000e+00 7.845142521424331994e-01 -3.520610785175388724e-01 1.000000000000000000e+00 2.882900000000000000e+04
6.182461754866847015e-01 1.401484224354661023e-01 0.000000000000000000e+00 -3.823517941660437014e-02 -6.141938279153555946e-01 1.000000000000000000e+00 1.040200000000000000e+04
2.236867254749151934e-01 3.528631823438133086e-02 0.000000000000000000e+00 2.289057123735381560e-01 -9.647000627607560386e-01 1.000000000000000000e+00 3.714000000000000000e+03
7.997774814499172269e-01 2.047398375981532848e-01 0.000000000000000000e+00 -7.023425465750243735e-02 -2.882911746468712622e-01 1.000000000000000000e+00 2.974000000000000000e+03
6.499141631871617752e-01 4.892382038554797807e-01 0.000000000000000000e+00 -3.491293432664489549e-01 5.329654518008305475e-01 1.000000000000000000e+00 5.989000000000000000e+03
7.160375172811093147e-01 4.701428734764512285e-02 0.000000000000000000e+00 -2.424108019229883615e-01 3.322805128543463993e-01 1.000000000000000000e+00 6.596900000000000000e+04
1.026113789434579537e-02 7.046059936602727669e-01 0.000000000000000000e+00 4.833711608530145143e-01 1.585609345626681543e+00 1.000000000000000000e+00 8.524200000000000000e+04
6.226337631386087423e-01 9.507394535479800624e-01 0.000000000000000000e+00 -1.849164518991057715e-01 3.609406317514788354e-01 1.000000000000000000e+00 3.277800000000000000e+04
1.719418586739868138e-01 1.792885523356185784e-01 0.000000000000000000e+00 5.810120507569248582e-01 -7.332143670839459393e-01 1.000000000000000000e+00 4.761000000000000000e+03
1.855870366534922988e-01 3.660614925671077380e-01 0.000000000000000000e+00 6.194360571166925844e-01 -5.349240941339902244e-01 1.000000000000000000e+00 5.063900000000000000e+04
9.334111497793544654e-01 3.680638804774355455e-01 0.000000000000000000e+00 2.031132025225463877e-01 -3.150648835432959816e-01 1.000000000000000000e+00 1.806300000000000000e+04
4.898206932048060347e-01 7.541726821134292491e-01 0.000000000000000000e+00 2.609445803578085976e-01 -2.192828766914134420e-01 1.000000000000000000e+00 3.936000000000000000e+03
2.883389654836231442e-01 6.775397149135387043e-02 0.000000000000000000e+00 2.910952293146805703e-01 -9.322422300062785938e-01 1.000000000000000000e+00 1.348210000000000000e+05
1.097216118948165509e-01 3.005834267583871178e-01 0.000000000000000000e+00 1.092035516053419808e-01 -6.994164390483721405e-01 1.000000000000000000e+00 2.590700000000000000e+04
4.777168884435185614e-01 6.513046045565624720e-01 0.000000000000000000e+00 -1.413748161815917559e-01 -1.340140958857325426e-01 1.000000000000000000e+00 5.986600000000000000e+04
4.853701891333506158e-01 1.250049394644034972e-01 0.000000000000000000e+00 1.473762190599265942e+00 -2.692021131123970012e-02 1.000000000000000000e+00 4.367200000000000000e+04
1.517480052558181081e-01 2.211057088834267326e-01 0.000000000000000000e+00 4.023466655948128579e-01 -7.469853567897882796e-01 1.000000000000000000e+00 9.930000000000000000e+04
7.571432280385252955e-01 6.507950287432970882e-01 0.000000000000000000e+00 1.724980671715417913e+00 9.023714239336606546e-01 1.000000000000000000e+00 2.560600000000000000e+04
1.445651868737851675e-01 1.154731663873745928e-01 0.000000000000000000e+00 -5.101235387165687918e-01 8.713717525646992312e-01 1.000000000000000000e+00 1.305500000000000000e+04
9.621038846762830499e-01 3.239465320710854801e-01 0.000000000000000000e+00 1.136134486258421283e+00 1.308686776863060564e+00 1.000000000000000000e+00 2.551290000000000000e+05
1.333841189163949004e-01 7.575610898598975629e-01 0.000000000000000000e+00 1.080006405504537970e+00 1.079906008440345344e+00 1.000000000000000000e+00 1.022330000000000000e+05
1.363557093514873308e-01 9.655467514688598207e-02 0.000000000000000000e+00 -5.505588893113299020e-01 -6.301834717422811760e-01 1.000000000000000000e+00 1.688770000000000000e+05
7.835854258271227613e-01 8.596861634948270714e-01 0.000000000000000000e+00 -4.706201035968637925e-02 3.028874235929834846e-01 1.000000000000000000e+00 1.725200000000000000e+04
8.099671244504355050e-01 5.156343143141031149e-01 0.000000000000000000e+00 7.349876410241918956e-01 1.512819390949896814e+00 1.000000000000000000e+00 1.359200000000000000e+04
4.188953069653347239e-01 9.301003044560893773e-01 0.000000000000000000e+00 7.717296345037695238e-01 -5.585506759673619648e-03 1.000000000000000000e+00 4.955400000000000000e+04
1.300844506674466716e-01 3.807785720709264687e-01 0.000000000000000000e+00 5.810231630592473939e-01 -5.117763436997643245e-01 1.000000000000000000e+00 1.313510000000000000e+05
8.282681001065680393e-01 9.352255199028447485e-02 0.000000000000000000e+00 -8.022966501394535044e-02 -3.243671592626158895e-01 1.000000000000000000e+00 1.732000000000000000e+03
4.524549834468469811e-01 8.296386488500702150e-01 0.000000000000000000e+00 1.283640471970388663e+00 2.736434297448325781e-01 1.000000000000000000e+00 7.593200000000000000e+04
6.702583474398398078e-01 7.669524392430729920e-01 0.000000000000000000e+00 4.365216446641863035e-01 -2.053474907042482922e-01 1.000000000000000000e+00 5.776500000000000000e+04
7.090968668765023075e-01 8.391234828987389482e-01 0.000000000000000000e+00 1.550009566069555200e+00 1.380294280647337057e+00 1.000000000000000000e+00 1.081600000000000000e+05
5.828533138764597776e-01 7.197315952947228590e-01 0.000000000000000000e+00 6.478908768913990146e-01 -2.781512211707566351e-01 1.000000000000000000e+00 5.566000000000000000e+03
4.790061884963169314e-01 6.977504880121471187e-01 0.000000000000000000e+00 -3.060145370459910197e-01 7.828098878798961380e-02 1.000000000000000000e+00 1.458890000000000000e+05
2.388042121251250371e-01 1.461249611503506740e-01 0.000000000000000000e+00 -3.842827633315921698e-01 -6.360275949512069760e-01 1.000000000000000000e+00 1.213800000000000000e+04
6.501772483280792159e-01 8.934152718936905213e-01 0.000000000000000000e+00 1.520730147614976380e+00 1.385490113298102788e+00 1.000000000000000000e+00 2.192500000000000000e+04
6.052280159838273610e-01 1.161434028869204882e-01 0.000000000000000000e+00 -2.011394400133310612e-01 -4.752714480499414806e-01 1.000000000000000000e+00 1.734980000000000000e+05
9.432402461920708081e-02 8.982062390904830274e-01 0.000000000000000000e+00 5.795473580158054805e-01 2.381598484041791419e-02 1.000000000000000000e+00 1.632190000000000000e+05
4.799283559829052859e-01 4.597896653426867264e-01 0.000000000000000000e+00 -5.198428314199502465e-01 4.383987130711228253e-01 1.000000000000000000e+00 2.018450000000000000e+05
6.266912488801745784e-02 1.451441428931872224e-01 0.000000000000000000e+00 -5.510724819918562112e-01 9.346511029540284232e-01 1.000000000000000000e+00 1.367380000000000000e+05
1.852999667593769884e-01 4.490580311456560114e-01 0.000000000000000000e+00 9.670865078310515450e-01 -1.744881212754674227e-01 1.000000000000000000e+00 7.970600000000000000e+04
1.610250167071277660e-01 6.384691304813298052e-01 0.000000000000000000e+00 -2.319898331164834127e-01 -2.810629939265804067e-01 1.000000000000000000e+00 3.277620000000000000e+05
5.784902612673616940e-01 9.089135031748381000e-01 0.000000000000000000e+00 3.500051151621796919e-01 -6.463389577874834035e-02 1.000000000000000000e+00 2.817930000000000000e+05
1.561555905846039316e-01 4.533467283569245776e-01 0.000000000000000000e+00 -4.242460019306811825e-01 -3.609836661425813720e-01 1.000000000000000000e+00 7.137070000000000000e+05
9.217772191843912610e-01 4.552163586780931803e-01 0.000000000000000000e+00 7.035915718171151800e-01 1.431123640791984730e+00 1.000000000000000000e+00 6.499800000000000000e+04
3.076421737459233974e-02 8.176771867636324354e-01 0.000000000000000000e+00 1.856653816224711762e-01 1.805607158631401976e+00 1.000000000000000000e+00 4.592590000000000000e+05
8.425962139770237780e-01 1.534211465220945980e-01 0.000000000000000000e+00 4.707646884111171270e-01 1.081721376294408454e+00 1.000000000000000000e+00 7.259900000000000000e+04
4.204162737425143348e-01 3.094073681109758001e-01 0.000000000000000000e+00 2.759658795333486125e-02 -6.102081463604202005e-01 1.000000000000000000e+00 4.279260000000000000e+05
8.459857144691884656e-01 4.028395450661451660e-01 0.000000000000000000e+00 1.590008239960860603e-01 -3.238321554022709492e-01 1.000000000000000000e+00 7.007240000000000000e+05
5.174410061249554715e-01 9.053291881437620647e-01 0.000000000000000000e+00 3.275263014047335997e-01 -7.647140511895889059e-02 1.000000000000000000e+00 4.147050000000000000e+05
1.290883363977203269e-01 6.341403929801203709e-02 0.000000000000000000e+00 7.157873516214772192e-01 -7.463910394311065177e-01 1.000000000000000000e+00 4.023020000000000000e+05
9.090835537010133471e-01 2.525172777818173175e-01 0.000000000000000000e+00 8.336471440036508085e-02 8.165991853307034143e-01 1.000000000000000000e+00 1.136500000000000000e+05
6.419704904270773227e-01 8.183677451853299534e-02 0.000000000000000000e+00 -1.816535706943457340e-01 -4.852993695790324136e-01 1.000000000000000000e+00 1.232750000000000000e+06
2.920734125091113409e-01 9.844919383652883660e-01 0.000000000000000000e+00 1.231905326677641854e+00 6.428547432147662111e-01 1.000000000000000000e+00 8.394800000000000000e+05
9.715258443238865560e-01 6.698008459841280349e-01 0.000000000000000000e+00 1.468525927042830581e+00 1.537551338797219280e+00 1.000000000000000000e+00 2.076423000000000000e+06
7.657329132810276606e-01 1.102129566411862438e-01 0.000000000000000000e+00 4.331918897994750384e-01 -8.328758343545722420e-01 1.000000000000000000e+00 9.216300000000000000e+04
3.388864419148697182e-01 6.252214155868147660e-01 0.000000000000000000e+00 -3.776361853706720062e-01 -7.234243424187625227e-02 1.000000000000000000e+00 5.559922000000000000e+06
2.053767535074241257e-01 1.300567130367725754e-01 0.000000000000000000e+00 -7.914110355117055517e-01 2.101448124171111098e-01 1.000000000000000000e+00 1.116717000000000000e+06
6.165900109339896851e-01 5.268422219800062978e-01 0.000000000000000000e+00 -3.833849517313975275e-01 5.197659205196765164e-01 1.000000000000000000e+00 3.111500000000000000e+04
7.530200510086889620e-01 3.527657926306489999e-01 0.000000000000000000e+00 5.379220790647084582e-01 1.329358267752993150e+00 1.000000000000000000e+00 4.356392000000000000e+06
4.579489981343772831e-01 2.597807385392394419e-01 0.000000000000000000e+00 1.905631503905074742e-01 -7.038088050042197175e-01 1.000000000000000000e+00 1.908774000000000000e+06
2.199321809207349654e-01 4.833654850265461933e-01 0.000000000000000000e+00 1.003495356891804136e+00 -1.379466340103603361e-01 1.000000000000000000e+00 1.479302000000000000e+06
2.588260463469318484e-01 7.518400341649701391e-01 0.000000000000000000e+00 -3.294243787553745584e-01 -5.683878796836350222e-02 1.000000000000000000e+00 2.024230000000000000e+05
8.115014601110909220e-01 8.583088345214072712e-01 0.000000000000000000e+00 5.791157002378133356e-01 -1.143148638368629566e-01 1.000000000000000000e+00 2.061021000000000000e+06
9.718744503686282954e-01 5.687592031934840531e-02 0.000000000000000000e+00 1.893871041786745479e+00 4.440739128417445225e-01 1.000000000000000000e+00 1.575489000000000000e+06
9.468852639087946832e-01 2.262736292211184885e-01 0.000000000000000000e+00 1.051050730578652059e+00 1.220833610093791100e+00 1.000000000000000000e+00 2.233690000000000000e+06
6.828725926406395974e-01 4.524426261591818488e-01 0.000000000000000000e+00 -3.159962646223495319e-01 4.999926628587486044e-01 1.000000000000000000e+00 2.712440100000000000e+07
3.908045435582574445e-01 2.278636985348085897e-01 0.000000000000000000e+00 -5.881110082090283964e-01 2.359832577635428974e-02 1.000000000000000000e+00 1.949716000000000000e+06
8.971794256157948899e-01 5.332846232465038305e-01 0.000000000000000000e+00 -2.516596896534584182e-02 9.196509948356468289e-01 1.000000000000000000e+00 6.384454000000000000e+06
4.139084088157317654e-01 8.435576329502185722e-01 0.000000000000000000e+00 -2.071062028751066153e-01 5.975864592198998348e-02 1.000000000000000000e+00 1.934155500000000000e+07
5.796362218259520915e-01 2.414740425720970363e-01 0.000000000000000000e+00 1.449853732675533413e-01 -6.591250024237678140e-01 1.000000000000000000e+00 1.447784000000000000e+06
2.758301134019874867e-01 3.724085549802401696e-01 0.000000000000000000e+00 5.955193216270744383e-01 -5.751139039326961244e-01 1.000000000000000000e+00 2.003950000000000000e+07
3.615519365822464914e-01 3.646636390152673268e-01 0.000000000000000000e+00 -6.112749043755725253e-01 1.331297591790105150e-01 1.000000000000000000e+00 6.332400000000000000e+04
5.529601067408493886e-01 8.509621330994294741e-01 0.000000000000000000e+00 3.926700870811613564e-01 -1.361078287561103828e-01 1.000000000000000000e+00 7.535292000000000000e+06
