1.533780397857608113e-01 6.028107316409896388e-01 0.000000000000000000e+00 -7.951121551578045343e-01 2.860042448135931004e-01 1.000000000000000000e+00 0.000000000000000000e+00
1.044724930822732434e-01 1.453958534733004182e-01 0.000000000000000000e+00 2.439887534835312455e-02 -8.513930989850432285e-01 1.000000000000000000e+00 1.000000000000000000e+00
3.053831225913432590e-01 3.257262681113803904e-02 0.000000000000000000e+00 8.582054658307732842e-01 -8.007265132431798937e-01 1.000000000000000000e+00 1.000000000000000000e+00
4.896446920086651167e-01 7.670886419011220259e-01 0.000000000000000000e+00 -4.782927855666960770e-01 1.018279882801450986e+00 1.000000000000000000e+00 2.000000000000000000e+00
8.750251103594602897e-01 3.888126652504748648e-01 0.000000000000000000e+00 -1.160776207391744919e-01 5.219117877450553111e-01 1.000000000000000000e+00 2.000000000000000000e+00
5.847326701904144164e-01 3.641414560872098249e-01 0.000000000000000000e+00 1.311969607597045506e+00 1.050527962999622478e+00 1.000000000000000000e+00 1.000000000000000000e+00
6.761703597924222375e-01 1.787899840985093247e-01 0.000000000000000000e+00 -9.483170919308392399e-03 -5.491380589267185197e-01 1.000000000000000000e+00 3.000000000000000000e+00
9.257230633998249081e-01 2.491467656444759093e-01 0.000000000000000000e+00 3.795005899200263322e-01 -5.884933775349271423e-01 1.000000000000000000e+00 1.000000000000000000e+00
9.656328312774601352e-01 3.933321091156707361e-01 0.000000000000000000e+00 1.774447393218049118e+00 9.813958849026623854e-01 1.000000000000000000e+00 1.000000000000000000e+00
6.050760515281938812e-02 2.897813550224863643e-01 0.000000000000000000e+00 -9.383944107550140634e-01 3.366296486442019176e-01 1.000000000000000000e+00 3.000000000000000000e+00
1.395760839362436556e-03 9.768589962665468196e-01 0.000000000000000000e+00 -6.543958749970760214e-02 1.974623014565660917e+00 1.000000000000000000e+00 4.000000000000000000e+00
4.503920037088539052e-01 1.337595007174031680e-01 0.000000000000000000e+00 -5.293719295471189801e-01 3.339160271930228241e-01 1.000000000000000000e+00 3.000000000000000000e+00
3.575013968859679370e-01 2.565446328928655539e-02 0.000000000000000000e+00 1.020961540680235480e+00 -7.225571629211657854e-01 1.000000000000000000e+00 5.000000000000000000e+00
9.152103381375786828e-01 6.353288945419340861e-01 0.000000000000000000e+00 1.407822522959958356e-01 1.267990842077695079e+00 1.000000000000000000e+00 5.000000000000000000e+00
6.372339598070406730e-01 2.215192219752248892e-01 0.000000000000000000e+00 -2.749519953319731203e-01 -1.882572820451069995e-01 1.000000000000000000e+00 1.000000000000000000e+00
6.446747552211286036e-01 3.485482025189472477e-01 0.000000000000000000e+00 2.572218359907918472e-02 -4.368801609124046692e-01 1.000000000000000000e+00 1.700000000000000000e+01
4.481576817372225907e-01 5.699773468807035615e-01 0.000000000000000000e+00 -3.495381974374982548e-01 -3.308258741079717069e-02 1.000000000000000000e+00 6.000000000000000000e+00
1.423386562408565092e-01 5.167672244531371639e-01 0.000000000000000000e+00 5.933518915292703699e-01 -3.757500367775226113e-01 1.000000000000000000e+00 2.100000000000000000e+01
5.396429136419619299e-01 9.807828797546321864e-01 0.000000000000000000e+00 9.487124547019549770e-01 6.827966848523248089e-02 1.000000000000000000e+00 1.500000000000000000e+01
8.438544131516898528e-01 8.550903317038718310e-01 0.000000000000000000e+00 9.817460573568946858e-01 1.845537652089153546e+00 1.000000000000000000e+00 3.000000000000000000e+00
1.296386370322717418e-01 7.800934869248802306e-01 0.000000000000000000e+00 -6.370963896053194464e-01 1.381297816213385987e-01 1.000000000000000000e+00 1.600000000000000000e+01
2.996071869034999668e-01 7.930017635279590360e-01 0.000000000000000000e+00 -6.951236825564839350e-01 6.904810468733015849e-01 1.000000000000000000e+00 3.400000000000000000e+01
3.619680885815006466e-01 1.388650616095566948e-01 0.000000000000000000e+00 -6.335554976521645676e-01 4.435162736625929136e-02 1.000000000000000000e+00 3.000000000000000000e+00
5.251432793620000039e-01 5.755259779456732838e-01 0.000000000000000000e+00 -3.681797754419025015e-01 1.261108916881871211e-01 1.000000000000000000e+00 6.800000000000000000e+01
4.831461630261446594e-01 8.380026591248401768e-02 0.000000000000000000e+00 -1.361290462470138296e-02 9.516887545483583288e-01 1.000000000000000000e+00 1.300000000000000000e+01
7.420746809138679678e-01 3.517620763800094474e-01 0.000000000000000000e+00 -2.578207815676591963e-01 3.373030270041754708e-01 1.000000000000000000e+00 3.100000000000000000e+01
1.937817426725476633e-01 2.361726725545846284e-01 0.000000000000000000e+00 -4.883049867035862412e-01 -4.950986133639646569e-01 1.000000000000000000e+00 4.900000000000000000e+01
1.044580497503317940e-01 3.772763493006443536e-01 0.000000000000000000e+00 2.004006898270902504e-01 1.372663213698151807e+00 1.000000000000000000e+00 2.000000000000000000e+00
2.078404537299985977e-01 5.557399079458946733e-02 0.000000000000000000e+00 7.765331368172374571e-01 -7.669760880474451037e-01 1.000000000000000000e+00 6.700000000000000000e+01
8.608488011659783945e-01 5.671547268141740039e-01 0.000000000000000000e+00 -1.391466796529403638e-01 5.701611103125951985e-01 1.000000000000000000e+00 8.700000000000000000e+01
5.045586259424335029e-01 3.277485802793900227e-02 0.000000000000000000e+00 -4.831236936797219661e-01 1.892473332617589099e-01 1.000000000000000000e+00 1.020000000000000000e+02
8.938023928206976221e-01 3.168963234788063632e-01 0.000000000000000000e+00 -9.633119881968765785e-02 1.767696996512452268e-01 1.000000000000000000e+00 3.800000000000000000e+01
8.707715624893035411e-01 9.658552677454350643e-01 0.000000000000000000e+00 8.525513013390229045e-02 1.584696066739523790e+00 1.000000000000000000e+00 9.300000000000000000e+01
2.900522536041747479e-01 5.116289047468206563e-01 0.000000000000000000e+00 8.130235498988126475e-01 -3.407213890009471724e-01 1.000000000000000000e+00 1.310000000000000000e+02
8.101213854496683853e-01 7.871145656580235128e-01 0.000000000000000000e+00 4.330172384252179429e-01 -1.390562945491855551e-01 1.000000000000000000e+00 1.350000000000000000e+02
3.754115739671269880e-01 4.813312978441146583e-01 0.000000000000000000e+00 7.699215137380790441e-01 -4.375603755439511078e-01 1.000000000000000000e+00 7.000000000000000000e+00
1.446555372704798614e-01 9.667518091035712802e-01 0.000000000000000000e+00 -8.221446697001658643e-01 1.222285289887433457e+00 1.000000000000000000e+00 1.056000000000000000e+03
3.905097777426961292e-01 1.861894953946503506e-01 0.000000000000000000e+00 -6.017592020111991458e-01 3.102953849332363290e-01 1.000000000000000000e+00 2.700000000000000000e+01
6.225217740275135192e-01 6.570780022435152024e-02 0.000000000000000000e+00 -1.723870549815977871e-01 -5.410210960409932435e-01 1.000000000000000000e+00 3.280000000000000000e+02
7.806904881974502386e-01 3.181425400708709494e-01 0.000000000000000000e+00 5.815541112110123034e-02 -3.731917223480217816e-01 1.000000000000000000e+00 1.730000000000000000e+02
4.290585628383816186e-01 7.988144652139637092e-01 0.000000000000000000e+00 -5.238490976273906252e-01 1.102075063752000927e+00 1.000000000000000000e+00 2.410000000000000000e+02
8.403527918685127496e-02 5.308700740818350639e-03 0.000000000000000000e+00 -7.828408219245761579e-01 -4.932149449590122470e-01 1.000000000000000000e+00 2.370000000000000000e+02
1.382620133943190943e-03 9.267397861427026928e-01 0.000000000000000000e+00 9.950475446915353628e-02 -6.843459393020845383e-02 1.000000000000000000e+00 2.270000000000000000e+02
2.709908827329188252e-02 5.313805193190020981e-01 0.000000000000000000e+00 -6.155701783505227453e-01 -2.347632098449246030e-01 1.000000000000000000e+00 1.800000000000000000e+02
2.346937547599825535e-01 3.744620864076949607e-01 0.000000000000000000e+00 -7.497046481732092538e-01 1.985081597604575754e-01 1.000000000000000000e+00 1.970000000000000000e+02
2.268129503282776405e-01 1.665942562622100276e-01 0.000000000000000000e+00 -4.139569507526815739e-01 -6.011387271823582790e-01 1.000000000000000000e+00 1.770000000000000000e+03
3.423506813698802276e-01 8.597822001548682813e-01 0.000000000000000000e+00 -6.185282128989986195e-01 5.828133380988299583e-01 1.000000000000000000e+00 4.310000000000000000e+02
7.898538293834945767e-01 6.094065771482679583e-01 0.000000000000000000e+00 -1.899032508945988074e-01 4.092165083512727675e-01 1.000000000000000000e+00 1.039000000000000000e+03
8.543191855518388333e-01 3.195445294999543773e-02 0.000000000000000000e+00 1.607102650434990565e-01 7.523062179865332988e-01 1.000000000000000000e+00 1.447000000000000000e+03
4.462161705323212102e-01 5.688186999153521661e-03 0.000000000000000000e+00 1.084294104430205685e+00 -7.642835983752241935e-01 1.000000000000000000e+00 1.234000000000000000e+03
5.553380372755246652e-01 3.433605225435243380e-02 0.000000000000000000e+00 -4.240822373384912636e-01 -1.674953766040034597e-01 1.000000000000000000e+00 3.615000000000000000e+03
9.759198308490698581e-01 6.286003482106878870e-01 0.000000000000000000e+00 4.734204091097974354e-01 -2.359771966930048759e-01 1.000000000000000000e+00 5.220000000000000000e+02
8.116183010085088467e-01 4.034308516376564624e-01 0.000000000000000000e+00 -1.799735410253755497e-01 2.740259876956548935e-01 1.000000000000000000e+00 1.131000000000000000e+03
4.342627908341678555e-01 6.223862832826811964e-01 0.000000000000000000e+00 -3.905967161690127032e-01 5.704851370906605101e-02 1.000000000000000000e+00 4.301000000000000000e+03
4.307674241222271272e-01 7.865875690267376541e-02 0.000000000000000000e+00 -5.554923543027333599e-01 2.438606015084402723e-01 1.000000000000000000e+00 3.060000000000000000e+03
5.643925792072018721e-01 9.335627097325105428e-02 0.000000000000000000e+00 -4.300894275392750377e-01 -1.155101312799794444e-02 1.000000000000000000e+00 1.067000000000000000e+03
1.686146750343265888e-01 7.094501103849117918e-01 0.000000000000000000e+00 -5.753823308427815642e-01 4.126715995449381502e-02 1.000000000000000000e+00 5.717000000000000000e+03
2.016286810600745882e-01 5.862862626233871222e-01 0.000000000000000000e+00 3.004885940178699810e-01 -4.088150978469807795e-01 1.000000000000000000e+00 1.563000000000000000e+03
5.454602550384840542e-01 5.194451836484721419e-01 0.000000000000000000e+00 -3.225046383859034860e-01 2.281962673180309986e-02 1.000000000000000000e+00 5.139000000000000000e+03
1.710295499898016880e-01 3.510968481463286883e-01 0.000000000000000000e+00 -3.917902309723532150e-01 -4.754827875559500816e-01 1.000000000000000000e+00 6.151000000000000000e+03
6.073047993811567791e-01 1.467818756359952070e-01 0.000000000000000000e+00 -3.197559376612775228e-01 -2.281293002901678690e-01 1.000000000000000000e+00 1.403600000000000000e+04
7.250066307068026017e-01 1.962635490657145265e-01 0.000000000000000000e+00 2.987444391720849302e-01 -7.083361104898369121e-01 1.000000000000000000e+00 2.157000000000000000e+03
9.113196013280144836e-01 8.934885022159870793e-01 0.000000000000000000e+00 1.009867040543514172e+00 1.888620856339832788e+00 1.000000000000000000e+00 3.559000000000000000e+03
8.689080281891927715e-01 8.014366266224733915e-01 0.000000000000000000e+00 -3.302801271904565183e-02 3.695669957027101216e-01 1.000000000000000000e+00 2.270300000000000000e+04
2.470679337507080131e-01 2.211658334823736194e-01 0.000000000000000000e+00 -4.279625346842281797e-01 -5.166240191752180522e-01 1.000000000000000000e+00 6.967000000000000000e+03
9.982088482231099569e-02 5.533171874790098199e-01 0.000000000000000000e+00 -8.829497131237911134e-01 3.684876665342726731e-01 1.000000000000000000e+00 9.800000000000000000e+01
1.372911113792097959e-01 7.955069232562961279e-02 0.000000000000000000e+00 7.254448572287977015e-01 -7.291984475459984960e-01 1.000000000000000000e+00 2.321000000000000000e+03
2.402889873648994534e-02 2.195727626188134218e-01 0.000000000000000000e+00 -9.682708945120144239e-01 9.571348634539325606e-02 1.000000000000000000e+00 1.117100000000000000e+04
6.851467732765715857e-01 2.700822414991763676e-01 0.000000000000000000e+00 3.832140519420146330e-02 -4.925559054651007518e-01 1.000000000000000000e+00 4.119200000000000000e+04
5.000556682403008990e-01 6.952995656132902047e-01 0.000000000000000000e+00 -1.746881281757851623e-01 -4.275247130416681696e-02 1.000000000000000000e+00 8.786000000000000000e+03
4.284831396421171501e-01 2.233485168646398566e-01 0.000000000000000000e+00 -5.591881051839426853e-01 3.798908821966526239e-01 1.000000000000000000e+00 6.804200000000000000e+04
7.044925373078259057e-01 1.161660465224820804e-01 0.000000000000000000e+00 1.109866271701109852e-02 -6.043927190753957124e-01 1.000000000000000000e+00 7.220300000000000000e+04
3.559255426170553349e-01 4.023937714307148639e-01 0.000000000000000000e+00 9.659999682774942364e-01 -3.899503426731797395e-01 1.000000000000000000e+00 8.269000000000000000e+04
2.424747894657253156e-01 8.531562831336045871e-01 0.000000000000000000e+00 -7.475830127034710504e-01 7.124951713652820651e-01 1.000000000000000000e+00 5.072500000000000000e+04
6.010161815055589107e-01 2.872123516339476490e-01 0.000000000000000000e+00 -3.030456765321040136e-01 -1.401892824779126800e-01 1.000000000000000000e+00 4.042000000000000000e+03
6.617062978300626286e-01 8.779141752070526161e-01 0.000000000000000000e+00 -2.353743190448579492e-01 4.360472644439677969e-01 1.000000000000000000e+00 2.493820000000000000e+05
6.407623486441974547e-01 4.941370273913181510e-01 0.000000000000000000e+00 -1.650774276249752370e-01 -9.799661882585941619e-02 1.000000000000000000e+00 2.678320000000000000e+05
3.131154382553112958e-01 2.208921102750276422e-01 0.000000000000000000e+00 -6.798977740342065923e-01 1.028888890543640383e-01 1.000000000000000000e+00 5.602700000000000000e+05
1.179189682420933583e-02 6.761464525864574471e-01 0.000000000000000000e+00 -8.564083235090848012e-01 1.172360496536464680e+00 1.000000000000000000e+00 7.862600000000000000e+05
6.030855215462167518e-01 9.627125510112910511e-01 0.000000000000000000e+00 1.001787744496259069e+00 4.563210883912549587e-02 1.000000000000000000e+00 2.131423000000000000e+06
1.706036824103348559e-01 2.872748999014806959e-01 0.000000000000000000e+00 -5.071297602080359068e-01 -4.480327777115382659e-01 1.000000000000000000e+00 3.822665000000000000e+06
4.534474012893308092e-02 8.995185771098899163e-01 0.000000000000000000e+00 1.452070029985509658e-01 -9.548269346947946268e-02 1.000000000000000000e+00 7.775235000000000000e+06
1.881398894490735607e-01 6.576529595017291951e-01 0.000000000000000000e+00 -5.504833108110378515e-01 -1.646555236210567319e-02 1.000000000000000000e+00 7.614655000000000000e+06
